3961.2 1923.5

3961.2 1923.5
3961.2 1847.3

3961.2 1923.5
3961.2 1796.5

3961.2 1923.5
3961.2 1745.7

3961.2 1923.5
3885 1923.5

3961.2 1923.5
3885 1923.5
3885 1847.3

3961.2 1923.5
3885 1923.5
3885 1796.5

3961.2 1923.5
3885 1923.5
3885 1745.7

3961.2 1923.5
3859.6 3066.5

3961.2 1923.5
3859.6 3066.5
3859.6 3015.7

3961.2 1923.5
3859.6 3066.5
3859.6 958.3

3961.2 1923.5
3859.6 3066.5
3859.6 907.5

3961.2 1923.5
3859.6 3066.5
3834.2 3066.5

3961.2 1923.5
3859.6 3066.5
3834.2 3066.5
3834.2 3015.7

3961.2 1923.5
3859.6 3066.5
3834.2 3066.5
3834.2 1923.5

3961.2 1923.5
3859.6 3066.5
3834.2 3066.5
3834.2 1847.3

3961.2 1923.5
3859.6 3066.5
3834.2 3066.5
3834.2 1796.5

3961.2 1923.5
3859.6 3066.5
3834.2 3066.5
3834.2 1745.7

3961.2 1923.5
3859.6 3066.5
3834.2 3066.5
3834.2 958.3

3961.2 1923.5
3859.6 3066.5
3834.2 3066.5
3834.2 907.5

3961.2 1923.5
3859.6 3066.5
3808.8 3066.5

3961.2 1923.5
3859.6 3066.5
3808.8 3066.5
3808.8 3015.7

3961.2 1923.5
3859.6 3066.5
3808.8 3066.5
3808.8 958.3

3961.2 1923.5
3859.6 3066.5
3808.8 3066.5
3808.8 907.5

3961.2 1923.5
3859.6 3066.5
3783.4 3066.5

3961.2 1923.5
3859.6 3066.5
3783.4 3066.5
3783.4 3015.7

3961.2 1923.5
3859.6 3066.5
3783.4 3066.5
3783.4 958.3

3961.2 1923.5
3859.6 3066.5
3783.4 3066.5
3783.4 907.5

3961.2 1923.5
3859.6 3066.5
3758 3066.5

3961.2 1923.5
3859.6 3066.5
3758 3066.5
3758 3015.7

3961.2 1923.5
3859.6 3066.5
3758 3066.5
3758 2634.7

3961.2 1923.5
3859.6 3066.5
3758 3066.5
3758 2507.7

3961.2 1923.5
3859.6 3066.5
3758 3066.5
3758 2456.9

3961.2 1923.5
3859.6 3066.5
3758 3066.5
3758 2355.3

3961.2 1923.5
3859.6 3066.5
3758 3066.5
3758 2253.7

3961.2 1923.5
3859.6 3066.5
3758 3066.5
3758 2126.7

3961.2 1923.5
3859.6 3066.5
3758 3066.5
3758 2075.9

3961.2 1923.5
3859.6 3066.5
3758 3066.5
3758 1974.3

3961.2 1923.5
3859.6 3066.5
3758 3066.5
3758 1923.5

3961.2 1923.5
3859.6 3066.5
3758 3066.5
3758 1847.3

3961.2 1923.5
3859.6 3066.5
3758 3066.5
3758 1796.5

3961.2 1923.5
3859.6 3066.5
3758 3066.5
3758 1745.7

3961.2 1923.5
3859.6 3066.5
3758 3066.5
3758 958.3

3961.2 1923.5
3859.6 3066.5
3758 3066.5
3758 907.5

3961.2 1923.5
3859.6 3066.5
3732.6 3066.5

3961.2 1923.5
3859.6 3066.5
3732.6 3066.5
3732.6 3015.7

3961.2 1923.5
3859.6 3066.5
3732.6 3066.5
3732.6 958.3

3961.2 1923.5
3859.6 3066.5
3732.6 3066.5
3732.6 907.5

3961.2 1923.5
3859.6 3066.5
3707.2 3066.5

3961.2 1923.5
3859.6 3066.5
3707.2 3066.5
3707.2 3015.7

3961.2 1923.5
3859.6 3066.5
3707.2 3066.5
3707.2 1923.5

3961.2 1923.5
3859.6 3066.5
3707.2 3066.5
3707.2 1847.3

3961.2 1923.5
3859.6 3066.5
3707.2 3066.5
3707.2 1796.5

3961.2 1923.5
3859.6 3066.5
3707.2 3066.5
3707.2 1745.7

3961.2 1923.5
3859.6 3066.5
3707.2 3066.5
3707.2 958.3

3961.2 1923.5
3859.6 3066.5
3707.2 3066.5
3707.2 907.5

3961.2 1923.5
3859.6 3066.5
3681.8 3066.5

3961.2 1923.5
3859.6 3066.5
3681.8 3066.5
3681.8 3015.7

3961.2 1923.5
3859.6 3066.5
3681.8 3066.5
3681.8 2710.9

3961.2 1923.5
3859.6 3066.5
3681.8 3066.5
3681.8 2583.9

3961.2 1923.5
3859.6 3066.5
3681.8 3066.5
3681.8 2279.1

3961.2 1923.5
3859.6 3066.5
3681.8 3066.5
3681.8 2152.1

3961.2 1923.5
3859.6 3066.5
3681.8 3066.5
3681.8 958.3

3961.2 1923.5
3859.6 3066.5
3681.8 3066.5
3681.8 907.5

3961.2 1923.5
3859.6 3066.5
3656.4 3066.5

3961.2 1923.5
3859.6 3066.5
3656.4 3066.5
3656.4 3015.7

3961.2 1923.5
3859.6 3066.5
3656.4 3066.5
3656.4 2710.9

3961.2 1923.5
3859.6 3066.5
3656.4 3066.5
3656.4 2279.1

3961.2 1923.5
3859.6 3066.5
3656.4 3066.5
3656.4 958.3

3961.2 1923.5
3859.6 3066.5
3656.4 3066.5
3656.4 907.5

3961.2 1923.5
3859.6 3066.5
3631 3066.5

3961.2 1923.5
3859.6 3066.5
3631 3066.5
3631 3015.7

3961.2 1923.5
3859.6 3066.5
3631 3066.5
3631 2583.9

3961.2 1923.5
3859.6 3066.5
3631 3066.5
3631 2152.1

3961.2 1923.5
3859.6 3066.5
3631 3066.5
3631 1923.5

3961.2 1923.5
3859.6 3066.5
3631 3066.5
3631 1847.3

3961.2 1923.5
3859.6 3066.5
3631 3066.5
3631 1796.5

3961.2 1923.5
3859.6 3066.5
3631 3066.5
3631 1745.7

3961.2 1923.5
3859.6 3066.5
3631 3066.5
3631 958.3

3961.2 1923.5
3859.6 3066.5
3631 3066.5
3631 907.5

3961.2 1923.5
3859.6 3066.5
3605.6 3066.5

3961.2 1923.5
3859.6 3066.5
3605.6 3066.5
3605.6 3015.7

3961.2 1923.5
3859.6 3066.5
3605.6 3066.5
3605.6 958.3

3961.2 1923.5
3859.6 3066.5
3605.6 3066.5
3605.6 907.5

3961.2 1923.5
3859.6 3066.5
3580.2 3066.5

3961.2 1923.5
3859.6 3066.5
3580.2 3066.5
3580.2 3015.7

3961.2 1923.5
3859.6 3066.5
3580.2 3066.5
3580.2 1923.5

3961.2 1923.5
3859.6 3066.5
3580.2 3066.5
3580.2 1847.3

3961.2 1923.5
3859.6 3066.5
3580.2 3066.5
3580.2 1796.5

3961.2 1923.5
3859.6 3066.5
3580.2 3066.5
3580.2 1745.7

3961.2 1923.5
3859.6 3066.5
3580.2 3066.5
3580.2 958.3

3961.2 1923.5
3859.6 3066.5
3580.2 3066.5
3580.2 907.5

3961.2 1923.5
3859.6 3066.5
3554.8 3066.5

3961.2 1923.5
3859.6 3066.5
3554.8 3066.5
3554.8 3015.7

3961.2 1923.5
3859.6 3066.5
3554.8 3066.5
3554.8 958.3

3961.2 1923.5
3859.6 3066.5
3554.8 3066.5
3554.8 907.5

3961.2 1923.5
3859.6 3066.5
3554.8 3066.5
3504 1923.5

3961.2 1923.5
3859.6 3066.5
3554.8 3066.5
3504 1923.5
3504 1847.3

3961.2 1923.5
3859.6 3066.5
3554.8 3066.5
3504 1923.5
3504 1796.5

3961.2 1923.5
3859.6 3066.5
3554.8 3066.5
3504 1923.5
3504 1745.7

3961.2 1923.5
3859.6 3066.5
3554.8 3066.5
3453.2 3041.1

3961.2 1923.5
3859.6 3066.5
3554.8 3066.5
3453.2 3041.1
3453.2 2964.9

3961.2 1923.5
3859.6 3066.5
3554.8 3066.5
3453.2 3041.1
3453.2 2837.9

3961.2 1923.5
3859.6 3066.5
3554.8 3066.5
3453.2 3041.1
3453.2 1923.5

3961.2 1923.5
3859.6 3066.5
3554.8 3066.5
3453.2 3041.1
3453.2 1847.3

3961.2 1923.5
3859.6 3066.5
3554.8 3066.5
3453.2 3041.1
3453.2 1796.5

3961.2 1923.5
3859.6 3066.5
3554.8 3066.5
3453.2 3041.1
3453.2 1745.7

3961.2 1923.5
3859.6 3066.5
3554.8 3066.5
3453.2 3041.1
3448.7 899.5

3961.2 1923.5
3859.6 3066.5
3554.8 3066.5
3453.2 3041.1
3448.7 899.5
3448.7 874.5

3961.2 1923.5
3859.6 3066.5
3554.8 3066.5
3453.2 3041.1
3423.7 924.5

3961.2 1923.5
3859.6 3066.5
3554.8 3066.5
3453.2 3041.1
3423.7 924.5
3423.7 874.5

3961.2 1923.5
3859.6 3066.5
3554.8 3066.5
3402.4 3041.1

3961.2 1923.5
3859.6 3066.5
3554.8 3066.5
3402.4 3041.1
3398.7 899.5

3961.2 1923.5
3859.6 3066.5
3554.8 3066.5
3402.4 3041.1
3398.7 899.5
3398.7 874.5

3961.2 1923.5
3859.6 3066.5
3554.8 3066.5
3402.4 3041.1
3377 1923.5

3961.2 1923.5
3859.6 3066.5
3554.8 3066.5
3402.4 3041.1
3377 1923.5
3377 1847.3

3961.2 1923.5
3859.6 3066.5
3554.8 3066.5
3402.4 3041.1
3377 1923.5
3377 1796.5

3961.2 1923.5
3859.6 3066.5
3554.8 3066.5
3402.4 3041.1
3377 1923.5
3377 1745.7

3961.2 1923.5
3859.6 3066.5
3554.8 3066.5
3402.4 3041.1
3377 1923.5
3373.7 924.5

3961.2 1923.5
3859.6 3066.5
3554.8 3066.5
3402.4 3041.1
3377 1923.5
3373.7 924.5
3373.7 874.5

3961.2 1923.5
3859.6 3066.5
3554.8 3066.5
3402.4 3041.1
3351.6 2964.9

3961.2 1923.5
3859.6 3066.5
3554.8 3066.5
3402.4 3041.1
3351.6 2964.9
3351.6 2837.9

3961.2 1923.5
3859.6 3066.5
3554.8 3066.5
3402.4 3041.1
3351.6 2964.9
3348.7 899.5

3961.2 1923.5
3859.6 3066.5
3554.8 3066.5
3402.4 3041.1
3351.6 2964.9
3348.7 899.5
3348.7 874.5

3961.2 1923.5
3859.6 3066.5
3554.8 3066.5
3326.2 3041.1

3961.2 1923.5
3859.6 3066.5
3554.8 3066.5
3326.2 3041.1
3326.2 1923.5

3961.2 1923.5
3859.6 3066.5
3554.8 3066.5
3326.2 3041.1
3326.2 1847.3

3961.2 1923.5
3859.6 3066.5
3554.8 3066.5
3326.2 3041.1
3326.2 1796.5

3961.2 1923.5
3859.6 3066.5
3554.8 3066.5
3326.2 3041.1
3326.2 1745.7

3961.2 1923.5
3859.6 3066.5
3554.8 3066.5
3326.2 3041.1
3323.7 924.5

3961.2 1923.5
3859.6 3066.5
3554.8 3066.5
3326.2 3041.1
3323.7 924.5
3323.7 874.5

3961.2 1923.5
3859.6 3066.5
3554.8 3066.5
3326.2 3041.1
3298.7 899.5

3961.2 1923.5
3859.6 3066.5
3554.8 3066.5
3326.2 3041.1
3298.7 899.5
3298.7 874.5

3961.2 1923.5
3859.6 3066.5
3554.8 3066.5
3275.4 3041.1

3961.2 1923.5
3859.6 3066.5
3554.8 3066.5
3275.4 3041.1
3273.7 924.5

3961.2 1923.5
3859.6 3066.5
3554.8 3066.5
3275.4 3041.1
3273.7 924.5
3273.7 874.5

3961.2 1923.5
3859.6 3066.5
3554.8 3066.5
3275.4 3041.1
3250 1923.5

3961.2 1923.5
3859.6 3066.5
3554.8 3066.5
3275.4 3041.1
3250 1923.5
3250 1847.3

3961.2 1923.5
3859.6 3066.5
3554.8 3066.5
3275.4 3041.1
3250 1923.5
3250 1796.5

3961.2 1923.5
3859.6 3066.5
3554.8 3066.5
3275.4 3041.1
3250 1923.5
3250 1745.7

3961.2 1923.5
3859.6 3066.5
3554.8 3066.5
3275.4 3041.1
3250 1923.5
3248.7 899.5

3961.2 1923.5
3859.6 3066.5
3554.8 3066.5
3275.4 3041.1
3250 1923.5
3248.7 899.5
3248.7 874.5

3961.2 1923.5
3859.6 3066.5
3554.8 3066.5
3275.4 3041.1
3223.7 924.5

3961.2 1923.5
3859.6 3066.5
3554.8 3066.5
3275.4 3041.1
3223.7 924.5
3223.7 874.5

3961.2 1923.5
3859.6 3066.5
3554.8 3066.5
3275.4 3041.1
3199.2 1923.5

3961.2 1923.5
3859.6 3066.5
3554.8 3066.5
3275.4 3041.1
3199.2 1923.5
3199.2 1847.3

3961.2 1923.5
3859.6 3066.5
3554.8 3066.5
3275.4 3041.1
3199.2 1923.5
3199.2 1796.5

3961.2 1923.5
3859.6 3066.5
3554.8 3066.5
3275.4 3041.1
3199.2 1923.5
3199.2 1745.7

3961.2 1923.5
3859.6 3066.5
3554.8 3066.5
3275.4 3041.1
3199.2 1923.5
3198.7 899.5

3961.2 1923.5
3859.6 3066.5
3554.8 3066.5
3275.4 3041.1
3199.2 1923.5
3198.7 899.5
3198.7 874.5

3961.2 1923.5
3859.6 3066.5
3554.8 3066.5
3275.4 3041.1
3199.2 1923.5
3173.7 924.5

3961.2 1923.5
3859.6 3066.5
3554.8 3066.5
3275.4 3041.1
3199.2 1923.5
3173.7 924.5
3173.7 874.5

3961.2 1923.5
3859.6 3066.5
3554.8 3066.5
3275.4 3041.1
3199.2 1923.5
3148.7 899.5

3961.2 1923.5
3859.6 3066.5
3554.8 3066.5
3275.4 3041.1
3199.2 1923.5
3148.7 899.5
3148.7 874.5

3961.2 1923.5
3859.6 3066.5
3554.8 3066.5
3275.4 3041.1
3148.4 2050.5

3961.2 1923.5
3859.6 3066.5
3554.8 3066.5
3275.4 3041.1
3148.4 2050.5
3148.4 1999.7

3961.2 1923.5
3859.6 3066.5
3554.8 3066.5
3275.4 3041.1
3148.4 2050.5
3123.7 924.5

3961.2 1923.5
3859.6 3066.5
3554.8 3066.5
3275.4 3041.1
3148.4 2050.5
3123.7 924.5
3123.7 874.5

3961.2 1923.5
3859.6 3066.5
3554.8 3066.5
3275.4 3041.1
3123 2253.7

3961.2 1923.5
3859.6 3066.5
3554.8 3066.5
3275.4 3041.1
3123 2253.7
3123 2126.7

3961.2 1923.5
3859.6 3066.5
3554.8 3066.5
3275.4 3041.1
3123 2253.7
3123 1923.5

3961.2 1923.5
3859.6 3066.5
3554.8 3066.5
3275.4 3041.1
3123 2253.7
3123 1847.3

3961.2 1923.5
3859.6 3066.5
3554.8 3066.5
3275.4 3041.1
3123 2253.7
3123 1796.5

3961.2 1923.5
3859.6 3066.5
3554.8 3066.5
3275.4 3041.1
3123 2253.7
3123 1745.7

3961.2 1923.5
3859.6 3066.5
3554.8 3066.5
3275.4 3041.1
3123 2253.7
3098.7 899.5

3961.2 1923.5
3859.6 3066.5
3554.8 3066.5
3275.4 3041.1
3123 2253.7
3098.7 899.5
3098.7 874.5

3961.2 1923.5
3859.6 3066.5
3554.8 3066.5
3275.4 3041.1
3123 2253.7
3073.7 924.5

3961.2 1923.5
3859.6 3066.5
3554.8 3066.5
3275.4 3041.1
3123 2253.7
3073.7 924.5
3073.7 874.5

3961.2 1923.5
3859.6 3066.5
3554.8 3066.5
3275.4 3041.1
3072.2 2253.7

3961.2 1923.5
3859.6 3066.5
3554.8 3066.5
3275.4 3041.1
3072.2 2253.7
3072.2 2126.7

3961.2 1923.5
3859.6 3066.5
3554.8 3066.5
3275.4 3041.1
3072.2 2253.7
3072.2 2088.6

3961.2 1923.5
3859.6 3066.5
3554.8 3066.5
3275.4 3041.1
3072.2 2253.7
3072.2 1961.6

3961.2 1923.5
3859.6 3066.5
3554.8 3066.5
3275.4 3041.1
3072.2 2253.7
3072.2 1923.5

3961.2 1923.5
3859.6 3066.5
3554.8 3066.5
3275.4 3041.1
3072.2 2253.7
3072.2 1847.3

3961.2 1923.5
3859.6 3066.5
3554.8 3066.5
3275.4 3041.1
3072.2 2253.7
3072.2 1796.5

3961.2 1923.5
3859.6 3066.5
3554.8 3066.5
3275.4 3041.1
3072.2 2253.7
3072.2 1745.7

3961.2 1923.5
3859.6 3066.5
3554.8 3066.5
3275.4 3041.1
3072.2 2253.7
3048.7 899.5

3961.2 1923.5
3859.6 3066.5
3554.8 3066.5
3275.4 3041.1
3072.2 2253.7
3048.7 899.5
3048.7 874.5

3961.2 1923.5
3859.6 3066.5
3554.8 3066.5
3275.4 3041.1
3072.2 2253.7
3023.7 924.5

3961.2 1923.5
3859.6 3066.5
3554.8 3066.5
3275.4 3041.1
3072.2 2253.7
3023.7 924.5
3023.7 874.5

3961.2 1923.5
3859.6 3066.5
3554.8 3066.5
3275.4 3041.1
3072.2 2253.7
2998.7 899.5

3961.2 1923.5
3859.6 3066.5
3554.8 3066.5
3275.4 3041.1
3072.2 2253.7
2998.7 899.5
2998.7 874.5

3961.2 1923.5
3859.6 3066.5
3554.8 3066.5
3275.4 3041.1
2996 2050.5

3961.2 1923.5
3859.6 3066.5
3554.8 3066.5
3275.4 3041.1
2996 2050.5
2996 1999.7

3961.2 1923.5
3859.6 3066.5
3554.8 3066.5
3275.4 3041.1
2996 2050.5
2996 1923.5

3961.2 1923.5
3859.6 3066.5
3554.8 3066.5
3275.4 3041.1
2996 2050.5
2996 1847.3

3961.2 1923.5
3859.6 3066.5
3554.8 3066.5
3275.4 3041.1
2996 2050.5
2996 1796.5

3961.2 1923.5
3859.6 3066.5
3554.8 3066.5
3275.4 3041.1
2996 2050.5
2996 1745.7

3961.2 1923.5
3859.6 3066.5
3554.8 3066.5
3275.4 3041.1
2996 2050.5
2973.7 924.5

3961.2 1923.5
3859.6 3066.5
3554.8 3066.5
3275.4 3041.1
2996 2050.5
2973.7 924.5
2973.7 874.5

3961.2 1923.5
3859.6 3066.5
3554.8 3066.5
3275.4 3041.1
2957.9 1923.5

3961.2 1923.5
3859.6 3066.5
3554.8 3066.5
3275.4 3041.1
2957.9 1923.5
2957.9 1821.9

3961.2 1923.5
3859.6 3066.5
3554.8 3066.5
3275.4 3041.1
2957.9 1923.5
2948.7 899.5

3961.2 1923.5
3859.6 3066.5
3554.8 3066.5
3275.4 3041.1
2957.9 1923.5
2948.7 899.5
2948.7 874.5

3961.2 1923.5
3859.6 3066.5
3554.8 3066.5
3275.4 3041.1
2957.9 1923.5
2923.7 924.5

3961.2 1923.5
3859.6 3066.5
3554.8 3066.5
3275.4 3041.1
2957.9 1923.5
2923.7 924.5
2923.7 874.5

3961.2 1923.5
3859.6 3066.5
3554.8 3066.5
3275.4 3041.1
2919.8 2050.5

3961.2 1923.5
3859.6 3066.5
3554.8 3066.5
3275.4 3041.1
2919.8 2050.5
2919.8 2025.1

3961.2 1923.5
3859.6 3066.5
3554.8 3066.5
3275.4 3041.1
2919.8 2050.5
2919.8 1999.7

3961.2 1923.5
3859.6 3066.5
3554.8 3066.5
3275.4 3041.1
2919.8 2050.5
2898.7 899.5

3961.2 1923.5
3859.6 3066.5
3554.8 3066.5
3275.4 3041.1
2919.8 2050.5
2898.7 899.5
2898.7 874.5

3961.2 1923.5
3859.6 3066.5
3554.8 3066.5
3275.4 3041.1
2919.8 2050.5
2894.4 1936.2

3961.2 1923.5
3859.6 3066.5
3554.8 3066.5
3275.4 3041.1
2919.8 2050.5
2894.4 1936.2
2894.4 1910.8

3961.2 1923.5
3859.6 3066.5
3554.8 3066.5
3275.4 3041.1
2919.8 2050.5
2894.4 1936.2
2894.4 1796.5

3961.2 1923.5
3859.6 3066.5
3554.8 3066.5
3275.4 3041.1
2919.8 2050.5
2894.4 1936.2
2894.4 1745.7

3961.2 1923.5
3859.6 3066.5
3554.8 3066.5
3275.4 3041.1
2919.8 2050.5
2894.4 1936.2
2873.7 924.5

3961.2 1923.5
3859.6 3066.5
3554.8 3066.5
3275.4 3041.1
2919.8 2050.5
2894.4 1936.2
2873.7 924.5
2873.7 874.5

3961.2 1923.5
3859.6 3066.5
3554.8 3066.5
3275.4 3041.1
2869 2990.3

3961.2 1923.5
3859.6 3066.5
3554.8 3066.5
3275.4 3041.1
2869 2990.3
2869 2888.7

3961.2 1923.5
3859.6 3066.5
3554.8 3066.5
3275.4 3041.1
2869 2990.3
2869 2736.3

3961.2 1923.5
3859.6 3066.5
3554.8 3066.5
3275.4 3041.1
2869 2990.3
2869 2634.7

3961.2 1923.5
3859.6 3066.5
3554.8 3066.5
3275.4 3041.1
2869 2990.3
2869 1923.5

3961.2 1923.5
3859.6 3066.5
3554.8 3066.5
3275.4 3041.1
2869 2990.3
2869 1491.7

3961.2 1923.5
3859.6 3066.5
3554.8 3066.5
3275.4 3041.1
2869 2990.3
2869 1364.7

3961.2 1923.5
3859.6 3066.5
3554.8 3066.5
3275.4 3041.1
2869 2990.3
2869 1313.9

3961.2 1923.5
3859.6 3066.5
3554.8 3066.5
3275.4 3041.1
2869 2990.3
2869 1186.9

3961.2 1923.5
3859.6 3066.5
3554.8 3066.5
3275.4 3041.1
2869 2990.3
2848.7 899.5

3961.2 1923.5
3859.6 3066.5
3554.8 3066.5
3275.4 3041.1
2869 2990.3
2848.7 899.5
2848.7 874.5

3961.2 1923.5
3859.6 3066.5
3554.8 3066.5
3275.4 3041.1
2869 2990.3
2843.6 2050.5

3961.2 1923.5
3859.6 3066.5
3554.8 3066.5
3275.4 3041.1
2869 2990.3
2843.6 2050.5
2843.6 2025.1

3961.2 1923.5
3859.6 3066.5
3554.8 3066.5
3275.4 3041.1
2869 2990.3
2843.6 2050.5
2843.6 1999.7

3961.2 1923.5
3859.6 3066.5
3554.8 3066.5
3275.4 3041.1
2869 2990.3
2843.6 2050.5
2843.6 1491.7

3961.2 1923.5
3859.6 3066.5
3554.8 3066.5
3275.4 3041.1
2869 2990.3
2843.6 2050.5
2843.6 1313.9

3961.2 1923.5
3859.6 3066.5
3554.8 3066.5
3275.4 3041.1
2869 2990.3
2843.6 2050.5
2823.7 924.5

3961.2 1923.5
3859.6 3066.5
3554.8 3066.5
3275.4 3041.1
2869 2990.3
2843.6 2050.5
2823.7 924.5
2823.7 874.5

3961.2 1923.5
3859.6 3066.5
3554.8 3066.5
3275.4 3041.1
2818.2 2990.3

3961.2 1923.5
3859.6 3066.5
3554.8 3066.5
3275.4 3041.1
2818.2 2990.3
2818.2 2888.7

3961.2 1923.5
3859.6 3066.5
3554.8 3066.5
3275.4 3041.1
2818.2 2990.3
2818.2 1948.9

3961.2 1923.5
3859.6 3066.5
3554.8 3066.5
3275.4 3041.1
2818.2 2990.3
2818.2 1847.3

3961.2 1923.5
3859.6 3066.5
3554.8 3066.5
3275.4 3041.1
2818.2 2990.3
2818.2 1364.7

3961.2 1923.5
3859.6 3066.5
3554.8 3066.5
3275.4 3041.1
2818.2 2990.3
2818.2 1186.9

3961.2 1923.5
3859.6 3066.5
3554.8 3066.5
3275.4 3041.1
2818.2 2990.3
2798.7 899.5

3961.2 1923.5
3859.6 3066.5
3554.8 3066.5
3275.4 3041.1
2818.2 2990.3
2798.7 899.5
2798.7 874.5

3961.2 1923.5
3859.6 3066.5
3554.8 3066.5
3275.4 3041.1
2818.2 2990.3
2773.7 924.5

3961.2 1923.5
3859.6 3066.5
3554.8 3066.5
3275.4 3041.1
2818.2 2990.3
2773.7 924.5
2773.7 874.5

3961.2 1923.5
3859.6 3066.5
3554.8 3066.5
3275.4 3041.1
2818.2 2990.3
2767.4 1491.7

3961.2 1923.5
3859.6 3066.5
3554.8 3066.5
3275.4 3041.1
2818.2 2990.3
2767.4 1491.7
2767.4 1364.7

3961.2 1923.5
3859.6 3066.5
3554.8 3066.5
3275.4 3041.1
2818.2 2990.3
2767.4 1491.7
2767.4 1313.9

3961.2 1923.5
3859.6 3066.5
3554.8 3066.5
3275.4 3041.1
2818.2 2990.3
2767.4 1491.7
2767.4 1186.9

3961.2 1923.5
3859.6 3066.5
3554.8 3066.5
3275.4 3041.1
2818.2 2990.3
2767.4 1491.7
2748.7 899.5

3961.2 1923.5
3859.6 3066.5
3554.8 3066.5
3275.4 3041.1
2818.2 2990.3
2767.4 1491.7
2748.7 899.5
2748.7 874.5

3961.2 1923.5
3859.6 3066.5
3554.8 3066.5
3275.4 3041.1
2818.2 2990.3
2742 1491.7

3961.2 1923.5
3859.6 3066.5
3554.8 3066.5
3275.4 3041.1
2818.2 2990.3
2742 1491.7
2742 1313.9

3961.2 1923.5
3859.6 3066.5
3554.8 3066.5
3275.4 3041.1
2818.2 2990.3
2742 1491.7
2723.7 924.5

3961.2 1923.5
3859.6 3066.5
3554.8 3066.5
3275.4 3041.1
2818.2 2990.3
2742 1491.7
2723.7 924.5
2723.7 874.5

3961.2 1923.5
3859.6 3066.5
3554.8 3066.5
3275.4 3041.1
2818.2 2990.3
2716.6 2964.9

3961.2 1923.5
3859.6 3066.5
3554.8 3066.5
3275.4 3041.1
2818.2 2990.3
2716.6 2964.9
2716.6 2939.5

3961.2 1923.5
3859.6 3066.5
3554.8 3066.5
3275.4 3041.1
2818.2 2990.3
2716.6 2964.9
2716.6 2914.1

3961.2 1923.5
3859.6 3066.5
3554.8 3066.5
3275.4 3041.1
2818.2 2990.3
2716.6 2964.9
2716.6 2888.7

3961.2 1923.5
3859.6 3066.5
3554.8 3066.5
3275.4 3041.1
2818.2 2990.3
2716.6 2964.9
2716.6 2863.3

3961.2 1923.5
3859.6 3066.5
3554.8 3066.5
3275.4 3041.1
2818.2 2990.3
2716.6 2964.9
2716.6 2837.9

3961.2 1923.5
3859.6 3066.5
3554.8 3066.5
3275.4 3041.1
2818.2 2990.3
2716.6 2964.9
2716.6 2812.5

3961.2 1923.5
3859.6 3066.5
3554.8 3066.5
3275.4 3041.1
2818.2 2990.3
2716.6 2964.9
2716.6 2787.1

3961.2 1923.5
3859.6 3066.5
3554.8 3066.5
3275.4 3041.1
2818.2 2990.3
2716.6 2964.9
2716.6 2660.1

3961.2 1923.5
3859.6 3066.5
3554.8 3066.5
3275.4 3041.1
2818.2 2990.3
2716.6 2964.9
2716.6 2634.7

3961.2 1923.5
3859.6 3066.5
3554.8 3066.5
3275.4 3041.1
2818.2 2990.3
2716.6 2964.9
2716.6 2609.3

3961.2 1923.5
3859.6 3066.5
3554.8 3066.5
3275.4 3041.1
2818.2 2990.3
2716.6 2964.9
2716.6 2583.9

3961.2 1923.5
3859.6 3066.5
3554.8 3066.5
3275.4 3041.1
2818.2 2990.3
2716.6 2964.9
2716.6 2558.5

3961.2 1923.5
3859.6 3066.5
3554.8 3066.5
3275.4 3041.1
2818.2 2990.3
2716.6 2964.9
2716.6 2533.1

3961.2 1923.5
3859.6 3066.5
3554.8 3066.5
3275.4 3041.1
2818.2 2990.3
2716.6 2964.9
2716.6 2507.7

3961.2 1923.5
3859.6 3066.5
3554.8 3066.5
3275.4 3041.1
2818.2 2990.3
2716.6 2964.9
2716.6 2482.3

3961.2 1923.5
3859.6 3066.5
3554.8 3066.5
3275.4 3041.1
2818.2 2990.3
2716.6 2964.9
2716.6 2456.9

3961.2 1923.5
3859.6 3066.5
3554.8 3066.5
3275.4 3041.1
2818.2 2990.3
2716.6 2964.9
2716.6 2431.5

3961.2 1923.5
3859.6 3066.5
3554.8 3066.5
3275.4 3041.1
2818.2 2990.3
2716.6 2964.9
2716.6 2329.9

3961.2 1923.5
3859.6 3066.5
3554.8 3066.5
3275.4 3041.1
2818.2 2990.3
2716.6 2964.9
2716.6 2304.5

3961.2 1923.5
3859.6 3066.5
3554.8 3066.5
3275.4 3041.1
2818.2 2990.3
2716.6 2964.9
2716.6 2279.1

3961.2 1923.5
3859.6 3066.5
3554.8 3066.5
3275.4 3041.1
2818.2 2990.3
2716.6 2964.9
2716.6 2253.7

3961.2 1923.5
3859.6 3066.5
3554.8 3066.5
3275.4 3041.1
2818.2 2990.3
2716.6 2964.9
2716.6 2228.3

3961.2 1923.5
3859.6 3066.5
3554.8 3066.5
3275.4 3041.1
2818.2 2990.3
2716.6 2964.9
2716.6 2202.9

3961.2 1923.5
3859.6 3066.5
3554.8 3066.5
3275.4 3041.1
2818.2 2990.3
2716.6 2964.9
2716.6 2177.5

3961.2 1923.5
3859.6 3066.5
3554.8 3066.5
3275.4 3041.1
2818.2 2990.3
2716.6 2964.9
2716.6 2152.1

3961.2 1923.5
3859.6 3066.5
3554.8 3066.5
3275.4 3041.1
2818.2 2990.3
2716.6 2964.9
2716.6 2126.7

3961.2 1923.5
3859.6 3066.5
3554.8 3066.5
3275.4 3041.1
2818.2 2990.3
2716.6 2964.9
2716.6 2050.5

3961.2 1923.5
3859.6 3066.5
3554.8 3066.5
3275.4 3041.1
2818.2 2990.3
2716.6 2964.9
2716.6 2025.1

3961.2 1923.5
3859.6 3066.5
3554.8 3066.5
3275.4 3041.1
2818.2 2990.3
2716.6 2964.9
2716.6 1999.7

3961.2 1923.5
3859.6 3066.5
3554.8 3066.5
3275.4 3041.1
2818.2 2990.3
2716.6 2964.9
2716.6 1974.3

3961.2 1923.5
3859.6 3066.5
3554.8 3066.5
3275.4 3041.1
2818.2 2990.3
2716.6 2964.9
2716.6 1872.7

3961.2 1923.5
3859.6 3066.5
3554.8 3066.5
3275.4 3041.1
2818.2 2990.3
2716.6 2964.9
2716.6 1847.3

3961.2 1923.5
3859.6 3066.5
3554.8 3066.5
3275.4 3041.1
2818.2 2990.3
2716.6 2964.9
2716.6 1821.9

3961.2 1923.5
3859.6 3066.5
3554.8 3066.5
3275.4 3041.1
2818.2 2990.3
2716.6 2964.9
2716.6 1796.5

3961.2 1923.5
3859.6 3066.5
3554.8 3066.5
3275.4 3041.1
2818.2 2990.3
2716.6 2964.9
2716.6 1771.1

3961.2 1923.5
3859.6 3066.5
3554.8 3066.5
3275.4 3041.1
2818.2 2990.3
2716.6 2964.9
2716.6 1745.7

3961.2 1923.5
3859.6 3066.5
3554.8 3066.5
3275.4 3041.1
2818.2 2990.3
2716.6 2964.9
2716.6 1720.3

3961.2 1923.5
3859.6 3066.5
3554.8 3066.5
3275.4 3041.1
2818.2 2990.3
2716.6 2964.9
2716.6 1364.7

3961.2 1923.5
3859.6 3066.5
3554.8 3066.5
3275.4 3041.1
2818.2 2990.3
2716.6 2964.9
2716.6 1186.9

3961.2 1923.5
3859.6 3066.5
3554.8 3066.5
3275.4 3041.1
2818.2 2990.3
2716.6 2964.9
2698.7 899.5

3961.2 1923.5
3859.6 3066.5
3554.8 3066.5
3275.4 3041.1
2818.2 2990.3
2716.6 2964.9
2698.7 899.5
2698.7 874.5

3961.2 1923.5
3859.6 3066.5
3554.8 3066.5
3275.4 3041.1
2818.2 2990.3
2716.6 2964.9
2678.5 996.4

3961.2 1923.5
3859.6 3066.5
3554.8 3066.5
3275.4 3041.1
2818.2 2990.3
2716.6 2964.9
2673.7 924.5

3961.2 1923.5
3859.6 3066.5
3554.8 3066.5
3275.4 3041.1
2818.2 2990.3
2716.6 2964.9
2673.7 924.5
2673.7 874.5

3961.2 1923.5
3859.6 3066.5
3554.8 3066.5
3275.4 3041.1
2818.2 2990.3
2716.6 2964.9
2648.7 899.5

3961.2 1923.5
3859.6 3066.5
3554.8 3066.5
3275.4 3041.1
2818.2 2990.3
2716.6 2964.9
2648.7 899.5
2648.7 874.5

3961.2 1923.5
3859.6 3066.5
3554.8 3066.5
3275.4 3041.1
2818.2 2990.3
2640.4 2964.9

3961.2 1923.5
3859.6 3066.5
3554.8 3066.5
3275.4 3041.1
2818.2 2990.3
2640.4 2964.9
2640.4 2939.5

3961.2 1923.5
3859.6 3066.5
3554.8 3066.5
3275.4 3041.1
2818.2 2990.3
2640.4 2964.9
2640.4 2914.1

3961.2 1923.5
3859.6 3066.5
3554.8 3066.5
3275.4 3041.1
2818.2 2990.3
2640.4 2964.9
2640.4 2888.7

3961.2 1923.5
3859.6 3066.5
3554.8 3066.5
3275.4 3041.1
2818.2 2990.3
2640.4 2964.9
2640.4 2863.3

3961.2 1923.5
3859.6 3066.5
3554.8 3066.5
3275.4 3041.1
2818.2 2990.3
2640.4 2964.9
2640.4 2837.9

3961.2 1923.5
3859.6 3066.5
3554.8 3066.5
3275.4 3041.1
2818.2 2990.3
2640.4 2964.9
2640.4 2812.5

3961.2 1923.5
3859.6 3066.5
3554.8 3066.5
3275.4 3041.1
2818.2 2990.3
2640.4 2964.9
2640.4 2787.1

3961.2 1923.5
3859.6 3066.5
3554.8 3066.5
3275.4 3041.1
2818.2 2990.3
2640.4 2964.9
2640.4 2660.1

3961.2 1923.5
3859.6 3066.5
3554.8 3066.5
3275.4 3041.1
2818.2 2990.3
2640.4 2964.9
2640.4 2634.7

3961.2 1923.5
3859.6 3066.5
3554.8 3066.5
3275.4 3041.1
2818.2 2990.3
2640.4 2964.9
2640.4 2609.3

3961.2 1923.5
3859.6 3066.5
3554.8 3066.5
3275.4 3041.1
2818.2 2990.3
2640.4 2964.9
2640.4 2583.9

3961.2 1923.5
3859.6 3066.5
3554.8 3066.5
3275.4 3041.1
2818.2 2990.3
2640.4 2964.9
2640.4 2558.5

3961.2 1923.5
3859.6 3066.5
3554.8 3066.5
3275.4 3041.1
2818.2 2990.3
2640.4 2964.9
2640.4 2533.1

3961.2 1923.5
3859.6 3066.5
3554.8 3066.5
3275.4 3041.1
2818.2 2990.3
2640.4 2964.9
2640.4 2507.7

3961.2 1923.5
3859.6 3066.5
3554.8 3066.5
3275.4 3041.1
2818.2 2990.3
2640.4 2964.9
2640.4 2482.3

3961.2 1923.5
3859.6 3066.5
3554.8 3066.5
3275.4 3041.1
2818.2 2990.3
2640.4 2964.9
2640.4 2456.9

3961.2 1923.5
3859.6 3066.5
3554.8 3066.5
3275.4 3041.1
2818.2 2990.3
2640.4 2964.9
2640.4 2431.5

3961.2 1923.5
3859.6 3066.5
3554.8 3066.5
3275.4 3041.1
2818.2 2990.3
2640.4 2964.9
2640.4 2329.9

3961.2 1923.5
3859.6 3066.5
3554.8 3066.5
3275.4 3041.1
2818.2 2990.3
2640.4 2964.9
2640.4 2304.5

3961.2 1923.5
3859.6 3066.5
3554.8 3066.5
3275.4 3041.1
2818.2 2990.3
2640.4 2964.9
2640.4 2279.1

3961.2 1923.5
3859.6 3066.5
3554.8 3066.5
3275.4 3041.1
2818.2 2990.3
2640.4 2964.9
2640.4 2253.7

3961.2 1923.5
3859.6 3066.5
3554.8 3066.5
3275.4 3041.1
2818.2 2990.3
2640.4 2964.9
2640.4 2228.3

3961.2 1923.5
3859.6 3066.5
3554.8 3066.5
3275.4 3041.1
2818.2 2990.3
2640.4 2964.9
2640.4 2202.9

3961.2 1923.5
3859.6 3066.5
3554.8 3066.5
3275.4 3041.1
2818.2 2990.3
2640.4 2964.9
2640.4 2177.5

3961.2 1923.5
3859.6 3066.5
3554.8 3066.5
3275.4 3041.1
2818.2 2990.3
2640.4 2964.9
2640.4 2152.1

3961.2 1923.5
3859.6 3066.5
3554.8 3066.5
3275.4 3041.1
2818.2 2990.3
2640.4 2964.9
2640.4 2126.7

3961.2 1923.5
3859.6 3066.5
3554.8 3066.5
3275.4 3041.1
2818.2 2990.3
2640.4 2964.9
2640.4 2050.5

3961.2 1923.5
3859.6 3066.5
3554.8 3066.5
3275.4 3041.1
2818.2 2990.3
2640.4 2964.9
2640.4 2025.1

3961.2 1923.5
3859.6 3066.5
3554.8 3066.5
3275.4 3041.1
2818.2 2990.3
2640.4 2964.9
2640.4 1999.7

3961.2 1923.5
3859.6 3066.5
3554.8 3066.5
3275.4 3041.1
2818.2 2990.3
2640.4 2964.9
2640.4 1974.3

3961.2 1923.5
3859.6 3066.5
3554.8 3066.5
3275.4 3041.1
2818.2 2990.3
2640.4 2964.9
2640.4 1872.7

3961.2 1923.5
3859.6 3066.5
3554.8 3066.5
3275.4 3041.1
2818.2 2990.3
2640.4 2964.9
2640.4 1847.3

3961.2 1923.5
3859.6 3066.5
3554.8 3066.5
3275.4 3041.1
2818.2 2990.3
2640.4 2964.9
2640.4 1821.9

3961.2 1923.5
3859.6 3066.5
3554.8 3066.5
3275.4 3041.1
2818.2 2990.3
2640.4 2964.9
2640.4 1796.5

3961.2 1923.5
3859.6 3066.5
3554.8 3066.5
3275.4 3041.1
2818.2 2990.3
2640.4 2964.9
2640.4 1771.1

3961.2 1923.5
3859.6 3066.5
3554.8 3066.5
3275.4 3041.1
2818.2 2990.3
2640.4 2964.9
2640.4 1745.7

3961.2 1923.5
3859.6 3066.5
3554.8 3066.5
3275.4 3041.1
2818.2 2990.3
2640.4 2964.9
2640.4 1720.3

3961.2 1923.5
3859.6 3066.5
3554.8 3066.5
3275.4 3041.1
2818.2 2990.3
2640.4 2964.9
2623.7 924.5

3961.2 1923.5
3859.6 3066.5
3554.8 3066.5
3275.4 3041.1
2818.2 2990.3
2640.4 2964.9
2623.7 924.5
2623.7 874.5

3961.2 1923.5
3859.6 3066.5
3554.8 3066.5
3275.4 3041.1
2818.2 2990.3
2640.4 2964.9
2598.7 899.5

3961.2 1923.5
3859.6 3066.5
3554.8 3066.5
3275.4 3041.1
2818.2 2990.3
2640.4 2964.9
2598.7 899.5
2598.7 874.5

3961.2 1923.5
3859.6 3066.5
3554.8 3066.5
3275.4 3041.1
2818.2 2990.3
2640.4 2964.9
2573.7 924.5

3961.2 1923.5
3859.6 3066.5
3554.8 3066.5
3275.4 3041.1
2818.2 2990.3
2640.4 2964.9
2573.7 924.5
2573.7 874.5

3961.2 1923.5
3859.6 3066.5
3554.8 3066.5
3275.4 3041.1
2818.2 2990.3
2640.4 2964.9
2548.7 899.5

3961.2 1923.5
3859.6 3066.5
3554.8 3066.5
3275.4 3041.1
2818.2 2990.3
2640.4 2964.9
2548.7 899.5
2548.7 874.5

3961.2 1923.5
3859.6 3066.5
3554.8 3066.5
3275.4 3041.1
2538.8 2964.9

3961.2 1923.5
3859.6 3066.5
3554.8 3066.5
3275.4 3041.1
2538.8 2964.9
2538.8 2939.5

3961.2 1923.5
3859.6 3066.5
3554.8 3066.5
3275.4 3041.1
2538.8 2964.9
2538.8 2914.1

3961.2 1923.5
3859.6 3066.5
3554.8 3066.5
3275.4 3041.1
2538.8 2964.9
2538.8 2888.7

3961.2 1923.5
3859.6 3066.5
3554.8 3066.5
3275.4 3041.1
2538.8 2964.9
2538.8 2863.3

3961.2 1923.5
3859.6 3066.5
3554.8 3066.5
3275.4 3041.1
2538.8 2964.9
2538.8 2837.9

3961.2 1923.5
3859.6 3066.5
3554.8 3066.5
3275.4 3041.1
2538.8 2964.9
2538.8 2812.5

3961.2 1923.5
3859.6 3066.5
3554.8 3066.5
3275.4 3041.1
2538.8 2964.9
2538.8 2787.1

3961.2 1923.5
3859.6 3066.5
3554.8 3066.5
3275.4 3041.1
2538.8 2964.9
2538.8 2761.7

3961.2 1923.5
3859.6 3066.5
3554.8 3066.5
3275.4 3041.1
2538.8 2964.9
2538.8 2736.3

3961.2 1923.5
3859.6 3066.5
3554.8 3066.5
3275.4 3041.1
2538.8 2964.9
2538.8 2329.9

3961.2 1923.5
3859.6 3066.5
3554.8 3066.5
3275.4 3041.1
2538.8 2964.9
2538.8 2304.5

3961.2 1923.5
3859.6 3066.5
3554.8 3066.5
3275.4 3041.1
2538.8 2964.9
2538.8 2279.1

3961.2 1923.5
3859.6 3066.5
3554.8 3066.5
3275.4 3041.1
2538.8 2964.9
2538.8 2253.7

3961.2 1923.5
3859.6 3066.5
3554.8 3066.5
3275.4 3041.1
2538.8 2964.9
2538.8 2228.3

3961.2 1923.5
3859.6 3066.5
3554.8 3066.5
3275.4 3041.1
2538.8 2964.9
2538.8 2202.9

3961.2 1923.5
3859.6 3066.5
3554.8 3066.5
3275.4 3041.1
2538.8 2964.9
2538.8 2177.5

3961.2 1923.5
3859.6 3066.5
3554.8 3066.5
3275.4 3041.1
2538.8 2964.9
2538.8 2152.1

3961.2 1923.5
3859.6 3066.5
3554.8 3066.5
3275.4 3041.1
2538.8 2964.9
2538.8 2126.7

3961.2 1923.5
3859.6 3066.5
3554.8 3066.5
3275.4 3041.1
2538.8 2964.9
2538.8 2101.3

3961.2 1923.5
3859.6 3066.5
3554.8 3066.5
3275.4 3041.1
2538.8 2964.9
2538.8 2025.1

3961.2 1923.5
3859.6 3066.5
3554.8 3066.5
3275.4 3041.1
2538.8 2964.9
2538.8 1974.3

3961.2 1923.5
3859.6 3066.5
3554.8 3066.5
3275.4 3041.1
2538.8 2964.9
2538.8 1872.7

3961.2 1923.5
3859.6 3066.5
3554.8 3066.5
3275.4 3041.1
2538.8 2964.9
2538.8 1847.3

3961.2 1923.5
3859.6 3066.5
3554.8 3066.5
3275.4 3041.1
2538.8 2964.9
2538.8 1821.9

3961.2 1923.5
3859.6 3066.5
3554.8 3066.5
3275.4 3041.1
2538.8 2964.9
2538.8 1796.5

3961.2 1923.5
3859.6 3066.5
3554.8 3066.5
3275.4 3041.1
2538.8 2964.9
2538.8 1771.1

3961.2 1923.5
3859.6 3066.5
3554.8 3066.5
3275.4 3041.1
2538.8 2964.9
2538.8 1745.7

3961.2 1923.5
3859.6 3066.5
3554.8 3066.5
3275.4 3041.1
2538.8 2964.9
2538.8 1720.3

3961.2 1923.5
3859.6 3066.5
3554.8 3066.5
3275.4 3041.1
2538.8 2964.9
2538.8 1694.9

3961.2 1923.5
3859.6 3066.5
3554.8 3066.5
3275.4 3041.1
2538.8 2964.9
2538.8 1567.9

3961.2 1923.5
3859.6 3066.5
3554.8 3066.5
3275.4 3041.1
2538.8 2964.9
2538.8 1542.5

3961.2 1923.5
3859.6 3066.5
3554.8 3066.5
3275.4 3041.1
2538.8 2964.9
2538.8 1517.1

3961.2 1923.5
3859.6 3066.5
3554.8 3066.5
3275.4 3041.1
2538.8 2964.9
2538.8 1491.7

3961.2 1923.5
3859.6 3066.5
3554.8 3066.5
3275.4 3041.1
2538.8 2964.9
2538.8 1466.3

3961.2 1923.5
3859.6 3066.5
3554.8 3066.5
3275.4 3041.1
2538.8 2964.9
2538.8 1440.9

3961.2 1923.5
3859.6 3066.5
3554.8 3066.5
3275.4 3041.1
2538.8 2964.9
2538.8 1415.5

3961.2 1923.5
3859.6 3066.5
3554.8 3066.5
3275.4 3041.1
2538.8 2964.9
2513.4 1313.9

3961.2 1923.5
3859.6 3066.5
3554.8 3066.5
3275.4 3041.1
2538.8 2964.9
2513.4 1313.9
2513.4 1263.1

3961.2 1923.5
3859.6 3066.5
3554.8 3066.5
3275.4 3041.1
2538.8 2964.9
2498.7 899.5

3961.2 1923.5
3859.6 3066.5
3554.8 3066.5
3275.4 3041.1
2538.8 2964.9
2498.7 899.5
2498.7 874.5

3961.2 1923.5
3859.6 3066.5
3554.8 3066.5
3275.4 3041.1
2462.6 2964.9

3961.2 1923.5
3859.6 3066.5
3554.8 3066.5
3275.4 3041.1
2462.6 2964.9
2462.6 2939.5

3961.2 1923.5
3859.6 3066.5
3554.8 3066.5
3275.4 3041.1
2462.6 2964.9
2462.6 2914.1

3961.2 1923.5
3859.6 3066.5
3554.8 3066.5
3275.4 3041.1
2462.6 2964.9
2462.6 2888.7

3961.2 1923.5
3859.6 3066.5
3554.8 3066.5
3275.4 3041.1
2462.6 2964.9
2462.6 2863.3

3961.2 1923.5
3859.6 3066.5
3554.8 3066.5
3275.4 3041.1
2462.6 2964.9
2462.6 2837.9

3961.2 1923.5
3859.6 3066.5
3554.8 3066.5
3275.4 3041.1
2462.6 2964.9
2462.6 2812.5

3961.2 1923.5
3859.6 3066.5
3554.8 3066.5
3275.4 3041.1
2462.6 2964.9
2462.6 2787.1

3961.2 1923.5
3859.6 3066.5
3554.8 3066.5
3275.4 3041.1
2462.6 2964.9
2462.6 2761.7

3961.2 1923.5
3859.6 3066.5
3554.8 3066.5
3275.4 3041.1
2462.6 2964.9
2462.6 2736.3

3961.2 1923.5
3859.6 3066.5
3554.8 3066.5
3275.4 3041.1
2462.6 2964.9
2462.6 2329.9

3961.2 1923.5
3859.6 3066.5
3554.8 3066.5
3275.4 3041.1
2462.6 2964.9
2462.6 2304.5

3961.2 1923.5
3859.6 3066.5
3554.8 3066.5
3275.4 3041.1
2462.6 2964.9
2462.6 2279.1

3961.2 1923.5
3859.6 3066.5
3554.8 3066.5
3275.4 3041.1
2462.6 2964.9
2462.6 2253.7

3961.2 1923.5
3859.6 3066.5
3554.8 3066.5
3275.4 3041.1
2462.6 2964.9
2462.6 2228.3

3961.2 1923.5
3859.6 3066.5
3554.8 3066.5
3275.4 3041.1
2462.6 2964.9
2462.6 2202.9

3961.2 1923.5
3859.6 3066.5
3554.8 3066.5
3275.4 3041.1
2462.6 2964.9
2462.6 2177.5

3961.2 1923.5
3859.6 3066.5
3554.8 3066.5
3275.4 3041.1
2462.6 2964.9
2462.6 2152.1

3961.2 1923.5
3859.6 3066.5
3554.8 3066.5
3275.4 3041.1
2462.6 2964.9
2462.6 2126.7

3961.2 1923.5
3859.6 3066.5
3554.8 3066.5
3275.4 3041.1
2462.6 2964.9
2462.6 2101.3

3961.2 1923.5
3859.6 3066.5
3554.8 3066.5
3275.4 3041.1
2462.6 2964.9
2462.6 1872.7

3961.2 1923.5
3859.6 3066.5
3554.8 3066.5
3275.4 3041.1
2462.6 2964.9
2462.6 1847.3

3961.2 1923.5
3859.6 3066.5
3554.8 3066.5
3275.4 3041.1
2462.6 2964.9
2462.6 1821.9

3961.2 1923.5
3859.6 3066.5
3554.8 3066.5
3275.4 3041.1
2462.6 2964.9
2462.6 1796.5

3961.2 1923.5
3859.6 3066.5
3554.8 3066.5
3275.4 3041.1
2462.6 2964.9
2462.6 1771.1

3961.2 1923.5
3859.6 3066.5
3554.8 3066.5
3275.4 3041.1
2462.6 2964.9
2462.6 1745.7

3961.2 1923.5
3859.6 3066.5
3554.8 3066.5
3275.4 3041.1
2462.6 2964.9
2462.6 1720.3

3961.2 1923.5
3859.6 3066.5
3554.8 3066.5
3275.4 3041.1
2462.6 2964.9
2462.6 1694.9

3961.2 1923.5
3859.6 3066.5
3554.8 3066.5
3275.4 3041.1
2462.6 2964.9
2462.6 1567.9

3961.2 1923.5
3859.6 3066.5
3554.8 3066.5
3275.4 3041.1
2462.6 2964.9
2462.6 1542.5

3961.2 1923.5
3859.6 3066.5
3554.8 3066.5
3275.4 3041.1
2462.6 2964.9
2462.6 1517.1

3961.2 1923.5
3859.6 3066.5
3554.8 3066.5
3275.4 3041.1
2462.6 2964.9
2462.6 1491.7

3961.2 1923.5
3859.6 3066.5
3554.8 3066.5
3275.4 3041.1
2462.6 2964.9
2462.6 1466.3

3961.2 1923.5
3859.6 3066.5
3554.8 3066.5
3275.4 3041.1
2462.6 2964.9
2462.6 1440.9

3961.2 1923.5
3859.6 3066.5
3554.8 3066.5
3275.4 3041.1
2462.6 2964.9
2462.6 1415.5

3961.2 1923.5
3859.6 3066.5
3554.8 3066.5
3275.4 3041.1
2462.6 2964.9
2448.7 949.5

3961.2 1923.5
3859.6 3066.5
3554.8 3066.5
3275.4 3041.1
2462.6 2964.9
2448.7 949.5
2448.7 924.5

3961.2 1923.5
3859.6 3066.5
3554.8 3066.5
3275.4 3041.1
2462.6 2964.9
2448.7 949.5
2448.7 899.5

3961.2 1923.5
3859.6 3066.5
3554.8 3066.5
3275.4 3041.1
2462.6 2964.9
2437.2 1313.9

3961.2 1923.5
3859.6 3066.5
3554.8 3066.5
3275.4 3041.1
2462.6 2964.9
2437.2 1313.9
2437.2 1263.1

3961.2 1923.5
3859.6 3066.5
3554.8 3066.5
3275.4 3041.1
2462.6 2964.9
2398.7 949.5

3961.2 1923.5
3859.6 3066.5
3554.8 3066.5
3275.4 3041.1
2462.6 2964.9
2398.7 949.5
2398.7 924.5

3961.2 1923.5
3859.6 3066.5
3554.8 3066.5
3275.4 3041.1
2462.6 2964.9
2398.7 949.5
2398.7 899.5

3961.2 1923.5
3859.6 3066.5
3554.8 3066.5
3275.4 3041.1
2462.6 2964.9
2361 1872.7

3961.2 1923.5
3859.6 3066.5
3554.8 3066.5
3275.4 3041.1
2462.6 2964.9
2361 1872.7
2361 1847.3

3961.2 1923.5
3859.6 3066.5
3554.8 3066.5
3275.4 3041.1
2462.6 2964.9
2361 1872.7
2361 1821.9

3961.2 1923.5
3859.6 3066.5
3554.8 3066.5
3275.4 3041.1
2462.6 2964.9
2361 1872.7
2361 1796.5

3961.2 1923.5
3859.6 3066.5
3554.8 3066.5
3275.4 3041.1
2462.6 2964.9
2361 1872.7
2361 1771.1

3961.2 1923.5
3859.6 3066.5
3554.8 3066.5
3275.4 3041.1
2462.6 2964.9
2361 1872.7
2361 1745.7

3961.2 1923.5
3859.6 3066.5
3554.8 3066.5
3275.4 3041.1
2462.6 2964.9
2361 1872.7
2361 1720.3

3961.2 1923.5
3859.6 3066.5
3554.8 3066.5
3275.4 3041.1
2462.6 2964.9
2361 1872.7
2361 1567.9

3961.2 1923.5
3859.6 3066.5
3554.8 3066.5
3275.4 3041.1
2462.6 2964.9
2361 1872.7
2361 1542.5

3961.2 1923.5
3859.6 3066.5
3554.8 3066.5
3275.4 3041.1
2462.6 2964.9
2361 1872.7
2361 1517.1

3961.2 1923.5
3859.6 3066.5
3554.8 3066.5
3275.4 3041.1
2462.6 2964.9
2361 1872.7
2361 1491.7

3961.2 1923.5
3859.6 3066.5
3554.8 3066.5
3275.4 3041.1
2462.6 2964.9
2361 1872.7
2361 1466.3

3961.2 1923.5
3859.6 3066.5
3554.8 3066.5
3275.4 3041.1
2462.6 2964.9
2361 1872.7
2361 1440.9

3961.2 1923.5
3859.6 3066.5
3554.8 3066.5
3275.4 3041.1
2462.6 2964.9
2361 1872.7
2361 1415.5

3961.2 1923.5
3859.6 3066.5
3554.8 3066.5
3275.4 3041.1
2462.6 2964.9
2361 1872.7
2361 1288.5

3961.2 1923.5
3859.6 3066.5
3554.8 3066.5
3275.4 3041.1
2462.6 2964.9
2361 1872.7
2361 1263.1

3961.2 1923.5
3859.6 3066.5
3554.8 3066.5
3275.4 3041.1
2462.6 2964.9
2361 1872.7
2361 1237.7

3961.2 1923.5
3859.6 3066.5
3554.8 3066.5
3275.4 3041.1
2462.6 2964.9
2361 1872.7
2361 1212.3

3961.2 1923.5
3859.6 3066.5
3554.8 3066.5
3275.4 3041.1
2462.6 2964.9
2361 1872.7
2361 1186.9

3961.2 1923.5
3859.6 3066.5
3554.8 3066.5
3275.4 3041.1
2462.6 2964.9
2361 1872.7
2361 1161.5

3961.2 1923.5
3859.6 3066.5
3554.8 3066.5
3275.4 3041.1
2462.6 2964.9
2361 1872.7
2361 1136.1

3961.2 1923.5
3859.6 3066.5
3554.8 3066.5
3275.4 3041.1
2462.6 2964.9
2361 1872.7
2361 1110.7

3961.2 1923.5
3859.6 3066.5
3554.8 3066.5
3275.4 3041.1
2462.6 2964.9
2361 1872.7
2348.7 949.5

3961.2 1923.5
3859.6 3066.5
3554.8 3066.5
3275.4 3041.1
2462.6 2964.9
2361 1872.7
2348.7 949.5
2348.7 924.5

3961.2 1923.5
3859.6 3066.5
3554.8 3066.5
3275.4 3041.1
2462.6 2964.9
2361 1872.7
2348.7 949.5
2348.7 899.5

3961.2 1923.5
3859.6 3066.5
3554.8 3066.5
3275.4 3041.1
2462.6 2964.9
2361 1872.7
2298.7 949.5

3961.2 1923.5
3859.6 3066.5
3554.8 3066.5
3275.4 3041.1
2462.6 2964.9
2361 1872.7
2298.7 949.5
2298.7 924.5

3961.2 1923.5
3859.6 3066.5
3554.8 3066.5
3275.4 3041.1
2462.6 2964.9
2361 1872.7
2298.7 949.5
2298.7 899.5

3961.2 1923.5
3859.6 3066.5
3554.8 3066.5
2284.8 2964.9

3961.2 1923.5
3859.6 3066.5
3554.8 3066.5
2284.8 2964.9
2284.8 2939.5

3961.2 1923.5
3859.6 3066.5
3554.8 3066.5
2284.8 2964.9
2284.8 2914.1

3961.2 1923.5
3859.6 3066.5
3554.8 3066.5
2284.8 2964.9
2284.8 2888.7

3961.2 1923.5
3859.6 3066.5
3554.8 3066.5
2284.8 2964.9
2284.8 2863.3

3961.2 1923.5
3859.6 3066.5
3554.8 3066.5
2284.8 2964.9
2284.8 2837.9

3961.2 1923.5
3859.6 3066.5
3554.8 3066.5
2284.8 2964.9
2284.8 2812.5

3961.2 1923.5
3859.6 3066.5
3554.8 3066.5
2284.8 2964.9
2284.8 2787.1

3961.2 1923.5
3859.6 3066.5
3554.8 3066.5
2284.8 2964.9
2284.8 2761.7

3961.2 1923.5
3859.6 3066.5
3554.8 3066.5
2284.8 2964.9
2284.8 2736.3

3961.2 1923.5
3859.6 3066.5
3554.8 3066.5
2284.8 2964.9
2284.8 2710.9

3961.2 1923.5
3859.6 3066.5
3554.8 3066.5
2284.8 2964.9
2284.8 2685.5

3961.2 1923.5
3859.6 3066.5
3554.8 3066.5
2284.8 2964.9
2284.8 2660.1

3961.2 1923.5
3859.6 3066.5
3554.8 3066.5
2284.8 2964.9
2284.8 2634.7

3961.2 1923.5
3859.6 3066.5
3554.8 3066.5
2284.8 2964.9
2284.8 2482.3

3961.2 1923.5
3859.6 3066.5
3554.8 3066.5
2284.8 2964.9
2284.8 2456.9

3961.2 1923.5
3859.6 3066.5
3554.8 3066.5
2284.8 2964.9
2284.8 2431.5

3961.2 1923.5
3859.6 3066.5
3554.8 3066.5
2284.8 2964.9
2284.8 2406.1

3961.2 1923.5
3859.6 3066.5
3554.8 3066.5
2284.8 2964.9
2284.8 2380.7

3961.2 1923.5
3859.6 3066.5
3554.8 3066.5
2284.8 2964.9
2284.8 2355.3

3961.2 1923.5
3859.6 3066.5
3554.8 3066.5
2284.8 2964.9
2284.8 2329.9

3961.2 1923.5
3859.6 3066.5
3554.8 3066.5
2284.8 2964.9
2284.8 2304.5

3961.2 1923.5
3859.6 3066.5
3554.8 3066.5
2284.8 2964.9
2284.8 2279.1

3961.2 1923.5
3859.6 3066.5
3554.8 3066.5
2284.8 2964.9
2284.8 2253.7

3961.2 1923.5
3859.6 3066.5
3554.8 3066.5
2284.8 2964.9
2284.8 2228.3

3961.2 1923.5
3859.6 3066.5
3554.8 3066.5
2284.8 2964.9
2284.8 2202.9

3961.2 1923.5
3859.6 3066.5
3554.8 3066.5
2284.8 2964.9
2284.8 2177.5

3961.2 1923.5
3859.6 3066.5
3554.8 3066.5
2284.8 2964.9
2284.8 2152.1

3961.2 1923.5
3859.6 3066.5
3554.8 3066.5
2284.8 2964.9
2284.8 2126.7

3961.2 1923.5
3859.6 3066.5
3554.8 3066.5
2284.8 2964.9
2284.8 2101.3

3961.2 1923.5
3859.6 3066.5
3554.8 3066.5
2284.8 2964.9
2284.8 2075.9

3961.2 1923.5
3859.6 3066.5
3554.8 3066.5
2284.8 2964.9
2284.8 2050.5

3961.2 1923.5
3859.6 3066.5
3554.8 3066.5
2284.8 2964.9
2284.8 2025.1

3961.2 1923.5
3859.6 3066.5
3554.8 3066.5
2284.8 2964.9
2284.8 1999.7

3961.2 1923.5
3859.6 3066.5
3554.8 3066.5
2284.8 2964.9
2284.8 1872.7

3961.2 1923.5
3859.6 3066.5
3554.8 3066.5
2284.8 2964.9
2284.8 1847.3

3961.2 1923.5
3859.6 3066.5
3554.8 3066.5
2284.8 2964.9
2284.8 1821.9

3961.2 1923.5
3859.6 3066.5
3554.8 3066.5
2284.8 2964.9
2284.8 1796.5

3961.2 1923.5
3859.6 3066.5
3554.8 3066.5
2284.8 2964.9
2284.8 1771.1

3961.2 1923.5
3859.6 3066.5
3554.8 3066.5
2284.8 2964.9
2284.8 1745.7

3961.2 1923.5
3859.6 3066.5
3554.8 3066.5
2284.8 2964.9
2284.8 1720.3

3961.2 1923.5
3859.6 3066.5
3554.8 3066.5
2284.8 2964.9
2284.8 1567.9

3961.2 1923.5
3859.6 3066.5
3554.8 3066.5
2284.8 2964.9
2284.8 1542.5

3961.2 1923.5
3859.6 3066.5
3554.8 3066.5
2284.8 2964.9
2284.8 1517.1

3961.2 1923.5
3859.6 3066.5
3554.8 3066.5
2284.8 2964.9
2284.8 1491.7

3961.2 1923.5
3859.6 3066.5
3554.8 3066.5
2284.8 2964.9
2284.8 1466.3

3961.2 1923.5
3859.6 3066.5
3554.8 3066.5
2284.8 2964.9
2284.8 1440.9

3961.2 1923.5
3859.6 3066.5
3554.8 3066.5
2284.8 2964.9
2284.8 1415.5

3961.2 1923.5
3859.6 3066.5
3554.8 3066.5
2284.8 2964.9
2284.8 1288.5

3961.2 1923.5
3859.6 3066.5
3554.8 3066.5
2284.8 2964.9
2284.8 1263.1

3961.2 1923.5
3859.6 3066.5
3554.8 3066.5
2284.8 2964.9
2284.8 1237.7

3961.2 1923.5
3859.6 3066.5
3554.8 3066.5
2284.8 2964.9
2284.8 1212.3

3961.2 1923.5
3859.6 3066.5
3554.8 3066.5
2284.8 2964.9
2284.8 1186.9

3961.2 1923.5
3859.6 3066.5
3554.8 3066.5
2284.8 2964.9
2284.8 1161.5

3961.2 1923.5
3859.6 3066.5
3554.8 3066.5
2284.8 2964.9
2284.8 1136.1

3961.2 1923.5
3859.6 3066.5
3554.8 3066.5
2284.8 2964.9
2284.8 1110.7

3961.2 1923.5
3859.6 3066.5
3554.8 3066.5
2284.8 2964.9
2248.7 899.5

3961.2 1923.5
3859.6 3066.5
3554.8 3066.5
2284.8 2964.9
2248.7 899.5
2248.7 874.5

3961.2 1923.5
3859.6 3066.5
3554.8 3066.5
2284.8 2964.9
2202.2 996.4

3961.2 1923.5
3859.6 3066.5
3554.8 3066.5
2284.8 2964.9
2202.2 996.4
2198.7 899.5

3961.2 1923.5
3859.6 3066.5
3554.8 3066.5
2284.8 2964.9
2202.2 996.4
2198.7 899.5
2198.7 874.5

3961.2 1923.5
3859.6 3066.5
3554.8 3066.5
2284.8 2964.9
2183.2 1872.7

3961.2 1923.5
3859.6 3066.5
3554.8 3066.5
2284.8 2964.9
2183.2 1872.7
2183.2 1847.3

3961.2 1923.5
3859.6 3066.5
3554.8 3066.5
2284.8 2964.9
2183.2 1872.7
2183.2 1821.9

3961.2 1923.5
3859.6 3066.5
3554.8 3066.5
2284.8 2964.9
2183.2 1872.7
2183.2 1796.5

3961.2 1923.5
3859.6 3066.5
3554.8 3066.5
2284.8 2964.9
2183.2 1872.7
2183.2 1771.1

3961.2 1923.5
3859.6 3066.5
3554.8 3066.5
2284.8 2964.9
2183.2 1872.7
2183.2 1745.7

3961.2 1923.5
3859.6 3066.5
3554.8 3066.5
2284.8 2964.9
2183.2 1872.7
2183.2 1720.3

3961.2 1923.5
3859.6 3066.5
3554.8 3066.5
2284.8 2964.9
2183.2 1872.7
2183.2 1694.9

3961.2 1923.5
3859.6 3066.5
3554.8 3066.5
2284.8 2964.9
2183.2 1872.7
2183.2 1567.9

3961.2 1923.5
3859.6 3066.5
3554.8 3066.5
2284.8 2964.9
2183.2 1872.7
2183.2 1542.5

3961.2 1923.5
3859.6 3066.5
3554.8 3066.5
2284.8 2964.9
2183.2 1872.7
2183.2 1517.1

3961.2 1923.5
3859.6 3066.5
3554.8 3066.5
2284.8 2964.9
2183.2 1872.7
2183.2 1491.7

3961.2 1923.5
3859.6 3066.5
3554.8 3066.5
2284.8 2964.9
2183.2 1872.7
2183.2 1466.3

3961.2 1923.5
3859.6 3066.5
3554.8 3066.5
2284.8 2964.9
2183.2 1872.7
2183.2 1440.9

3961.2 1923.5
3859.6 3066.5
3554.8 3066.5
2284.8 2964.9
2183.2 1872.7
2183.2 1415.5

3961.2 1923.5
3859.6 3066.5
3554.8 3066.5
2284.8 2964.9
2183.2 1872.7
2183.2 1288.5

3961.2 1923.5
3859.6 3066.5
3554.8 3066.5
2284.8 2964.9
2183.2 1872.7
2183.2 1263.1

3961.2 1923.5
3859.6 3066.5
3554.8 3066.5
2284.8 2964.9
2183.2 1872.7
2183.2 1237.7

3961.2 1923.5
3859.6 3066.5
3554.8 3066.5
2284.8 2964.9
2183.2 1872.7
2183.2 1212.3

3961.2 1923.5
3859.6 3066.5
3554.8 3066.5
2284.8 2964.9
2183.2 1872.7
2183.2 1186.9

3961.2 1923.5
3859.6 3066.5
3554.8 3066.5
2284.8 2964.9
2183.2 1872.7
2183.2 1161.5

3961.2 1923.5
3859.6 3066.5
3554.8 3066.5
2284.8 2964.9
2183.2 1872.7
2183.2 1136.1

3961.2 1923.5
3859.6 3066.5
3554.8 3066.5
2284.8 2964.9
2183.2 1872.7
2183.2 1110.7

3961.2 1923.5
3859.6 3066.5
3554.8 3066.5
2284.8 2964.9
2183.2 1872.7
2173.7 924.5

3961.2 1923.5
3859.6 3066.5
3554.8 3066.5
2284.8 2964.9
2183.2 1872.7
2173.7 924.5
2173.7 874.5

3961.2 1923.5
3859.6 3066.5
3554.8 3066.5
2284.8 2964.9
2183.2 1872.7
2148.7 899.5

3961.2 1923.5
3859.6 3066.5
3554.8 3066.5
2284.8 2964.9
2183.2 1872.7
2148.7 899.5
2148.7 874.5

3961.2 1923.5
3859.6 3066.5
3554.8 3066.5
2132.4 2964.9

3961.2 1923.5
3859.6 3066.5
3554.8 3066.5
2132.4 2964.9
2132.4 2939.5

3961.2 1923.5
3859.6 3066.5
3554.8 3066.5
2132.4 2964.9
2132.4 2914.1

3961.2 1923.5
3859.6 3066.5
3554.8 3066.5
2132.4 2964.9
2132.4 2888.7

3961.2 1923.5
3859.6 3066.5
3554.8 3066.5
2132.4 2964.9
2132.4 2863.3

3961.2 1923.5
3859.6 3066.5
3554.8 3066.5
2132.4 2964.9
2132.4 2837.9

3961.2 1923.5
3859.6 3066.5
3554.8 3066.5
2132.4 2964.9
2132.4 2812.5

3961.2 1923.5
3859.6 3066.5
3554.8 3066.5
2132.4 2964.9
2132.4 2787.1

3961.2 1923.5
3859.6 3066.5
3554.8 3066.5
2132.4 2964.9
2132.4 2761.7

3961.2 1923.5
3859.6 3066.5
3554.8 3066.5
2132.4 2964.9
2132.4 2736.3

3961.2 1923.5
3859.6 3066.5
3554.8 3066.5
2132.4 2964.9
2132.4 2710.9

3961.2 1923.5
3859.6 3066.5
3554.8 3066.5
2132.4 2964.9
2132.4 2685.5

3961.2 1923.5
3859.6 3066.5
3554.8 3066.5
2132.4 2964.9
2132.4 2660.1

3961.2 1923.5
3859.6 3066.5
3554.8 3066.5
2132.4 2964.9
2132.4 2634.7

3961.2 1923.5
3859.6 3066.5
3554.8 3066.5
2132.4 2964.9
2132.4 2482.3

3961.2 1923.5
3859.6 3066.5
3554.8 3066.5
2132.4 2964.9
2132.4 2456.9

3961.2 1923.5
3859.6 3066.5
3554.8 3066.5
2132.4 2964.9
2132.4 2431.5

3961.2 1923.5
3859.6 3066.5
3554.8 3066.5
2132.4 2964.9
2132.4 2406.1

3961.2 1923.5
3859.6 3066.5
3554.8 3066.5
2132.4 2964.9
2132.4 2380.7

3961.2 1923.5
3859.6 3066.5
3554.8 3066.5
2132.4 2964.9
2132.4 2355.3

3961.2 1923.5
3859.6 3066.5
3554.8 3066.5
2132.4 2964.9
2132.4 2329.9

3961.2 1923.5
3859.6 3066.5
3554.8 3066.5
2132.4 2964.9
2132.4 2304.5

3961.2 1923.5
3859.6 3066.5
3554.8 3066.5
2132.4 2964.9
2132.4 2279.1

3961.2 1923.5
3859.6 3066.5
3554.8 3066.5
2132.4 2964.9
2132.4 2253.7

3961.2 1923.5
3859.6 3066.5
3554.8 3066.5
2132.4 2964.9
2132.4 2228.3

3961.2 1923.5
3859.6 3066.5
3554.8 3066.5
2132.4 2964.9
2132.4 2202.9

3961.2 1923.5
3859.6 3066.5
3554.8 3066.5
2132.4 2964.9
2132.4 2177.5

3961.2 1923.5
3859.6 3066.5
3554.8 3066.5
2132.4 2964.9
2132.4 2152.1

3961.2 1923.5
3859.6 3066.5
3554.8 3066.5
2132.4 2964.9
2132.4 2126.7

3961.2 1923.5
3859.6 3066.5
3554.8 3066.5
2132.4 2964.9
2132.4 2101.3

3961.2 1923.5
3859.6 3066.5
3554.8 3066.5
2132.4 2964.9
2132.4 2075.9

3961.2 1923.5
3859.6 3066.5
3554.8 3066.5
2132.4 2964.9
2132.4 2050.5

3961.2 1923.5
3859.6 3066.5
3554.8 3066.5
2132.4 2964.9
2132.4 2025.1

3961.2 1923.5
3859.6 3066.5
3554.8 3066.5
2132.4 2964.9
2132.4 1999.7

3961.2 1923.5
3859.6 3066.5
3554.8 3066.5
2132.4 2964.9
2123.7 924.5

3961.2 1923.5
3859.6 3066.5
3554.8 3066.5
2132.4 2964.9
2123.7 924.5
2123.7 874.5

3961.2 1923.5
3859.6 3066.5
3554.8 3066.5
2132.4 2964.9
2107 1872.7

3961.2 1923.5
3859.6 3066.5
3554.8 3066.5
2132.4 2964.9
2107 1872.7
2107 1847.3

3961.2 1923.5
3859.6 3066.5
3554.8 3066.5
2132.4 2964.9
2107 1872.7
2107 1821.9

3961.2 1923.5
3859.6 3066.5
3554.8 3066.5
2132.4 2964.9
2107 1872.7
2107 1796.5

3961.2 1923.5
3859.6 3066.5
3554.8 3066.5
2132.4 2964.9
2107 1872.7
2107 1771.1

3961.2 1923.5
3859.6 3066.5
3554.8 3066.5
2132.4 2964.9
2107 1872.7
2107 1745.7

3961.2 1923.5
3859.6 3066.5
3554.8 3066.5
2132.4 2964.9
2107 1872.7
2107 1720.3

3961.2 1923.5
3859.6 3066.5
3554.8 3066.5
2132.4 2964.9
2107 1872.7
2107 1694.9

3961.2 1923.5
3859.6 3066.5
3554.8 3066.5
2132.4 2964.9
2107 1872.7
2107 1567.9

3961.2 1923.5
3859.6 3066.5
3554.8 3066.5
2132.4 2964.9
2107 1872.7
2107 1542.5

3961.2 1923.5
3859.6 3066.5
3554.8 3066.5
2132.4 2964.9
2107 1872.7
2107 1517.1

3961.2 1923.5
3859.6 3066.5
3554.8 3066.5
2132.4 2964.9
2107 1872.7
2107 1491.7

3961.2 1923.5
3859.6 3066.5
3554.8 3066.5
2132.4 2964.9
2107 1872.7
2107 1466.3

3961.2 1923.5
3859.6 3066.5
3554.8 3066.5
2132.4 2964.9
2107 1872.7
2107 1440.9

3961.2 1923.5
3859.6 3066.5
3554.8 3066.5
2132.4 2964.9
2107 1872.7
2107 1415.5

3961.2 1923.5
3859.6 3066.5
3554.8 3066.5
2132.4 2964.9
2107 1872.7
2107 1288.5

3961.2 1923.5
3859.6 3066.5
3554.8 3066.5
2132.4 2964.9
2107 1872.7
2107 1263.1

3961.2 1923.5
3859.6 3066.5
3554.8 3066.5
2132.4 2964.9
2107 1872.7
2107 1237.7

3961.2 1923.5
3859.6 3066.5
3554.8 3066.5
2132.4 2964.9
2107 1872.7
2107 1212.3

3961.2 1923.5
3859.6 3066.5
3554.8 3066.5
2132.4 2964.9
2107 1872.7
2107 1186.9

3961.2 1923.5
3859.6 3066.5
3554.8 3066.5
2132.4 2964.9
2107 1872.7
2107 1161.5

3961.2 1923.5
3859.6 3066.5
3554.8 3066.5
2132.4 2964.9
2107 1872.7
2107 1136.1

3961.2 1923.5
3859.6 3066.5
3554.8 3066.5
2132.4 2964.9
2107 1872.7
2107 1110.7

3961.2 1923.5
3859.6 3066.5
3554.8 3066.5
2132.4 2964.9
2107 1872.7
2098.7 899.5

3961.2 1923.5
3859.6 3066.5
3554.8 3066.5
2132.4 2964.9
2107 1872.7
2098.7 899.5
2098.7 874.5

3961.2 1923.5
3859.6 3066.5
3554.8 3066.5
2132.4 2964.9
2073.7 924.5

3961.2 1923.5
3859.6 3066.5
3554.8 3066.5
2132.4 2964.9
2073.7 924.5
2073.7 874.5

3961.2 1923.5
3859.6 3066.5
3554.8 3066.5
2132.4 2964.9
2048.7 899.5

3961.2 1923.5
3859.6 3066.5
3554.8 3066.5
2132.4 2964.9
2048.7 899.5
2048.7 874.5

3961.2 1923.5
3859.6 3066.5
3554.8 3066.5
2030.8 2964.9

3961.2 1923.5
3859.6 3066.5
3554.8 3066.5
2030.8 2964.9
2030.8 2939.5

3961.2 1923.5
3859.6 3066.5
3554.8 3066.5
2030.8 2964.9
2030.8 2914.1

3961.2 1923.5
3859.6 3066.5
3554.8 3066.5
2030.8 2964.9
2030.8 2888.7

3961.2 1923.5
3859.6 3066.5
3554.8 3066.5
2030.8 2964.9
2030.8 2863.3

3961.2 1923.5
3859.6 3066.5
3554.8 3066.5
2030.8 2964.9
2030.8 2837.9

3961.2 1923.5
3859.6 3066.5
3554.8 3066.5
2030.8 2964.9
2030.8 2812.5

3961.2 1923.5
3859.6 3066.5
3554.8 3066.5
2030.8 2964.9
2030.8 2787.1

3961.2 1923.5
3859.6 3066.5
3554.8 3066.5
2030.8 2964.9
2030.8 2761.7

3961.2 1923.5
3859.6 3066.5
3554.8 3066.5
2030.8 2964.9
2030.8 2736.3

3961.2 1923.5
3859.6 3066.5
3554.8 3066.5
2030.8 2964.9
2030.8 2710.9

3961.2 1923.5
3859.6 3066.5
3554.8 3066.5
2030.8 2964.9
2030.8 2685.5

3961.2 1923.5
3859.6 3066.5
3554.8 3066.5
2030.8 2964.9
2030.8 2660.1

3961.2 1923.5
3859.6 3066.5
3554.8 3066.5
2030.8 2964.9
2030.8 2634.7

3961.2 1923.5
3859.6 3066.5
3554.8 3066.5
2030.8 2964.9
2030.8 2482.3

3961.2 1923.5
3859.6 3066.5
3554.8 3066.5
2030.8 2964.9
2030.8 2456.9

3961.2 1923.5
3859.6 3066.5
3554.8 3066.5
2030.8 2964.9
2030.8 2431.5

3961.2 1923.5
3859.6 3066.5
3554.8 3066.5
2030.8 2964.9
2030.8 2406.1

3961.2 1923.5
3859.6 3066.5
3554.8 3066.5
2030.8 2964.9
2030.8 2380.7

3961.2 1923.5
3859.6 3066.5
3554.8 3066.5
2030.8 2964.9
2030.8 2355.3

3961.2 1923.5
3859.6 3066.5
3554.8 3066.5
2030.8 2964.9
2030.8 2329.9

3961.2 1923.5
3859.6 3066.5
3554.8 3066.5
2030.8 2964.9
2030.8 2304.5

3961.2 1923.5
3859.6 3066.5
3554.8 3066.5
2030.8 2964.9
2030.8 2279.1

3961.2 1923.5
3859.6 3066.5
3554.8 3066.5
2030.8 2964.9
2030.8 2253.7

3961.2 1923.5
3859.6 3066.5
3554.8 3066.5
2030.8 2964.9
2030.8 2228.3

3961.2 1923.5
3859.6 3066.5
3554.8 3066.5
2030.8 2964.9
2030.8 2202.9

3961.2 1923.5
3859.6 3066.5
3554.8 3066.5
2030.8 2964.9
2030.8 2177.5

3961.2 1923.5
3859.6 3066.5
3554.8 3066.5
2030.8 2964.9
2030.8 2152.1

3961.2 1923.5
3859.6 3066.5
3554.8 3066.5
2030.8 2964.9
2030.8 2126.7

3961.2 1923.5
3859.6 3066.5
3554.8 3066.5
2030.8 2964.9
2030.8 2101.3

3961.2 1923.5
3859.6 3066.5
3554.8 3066.5
2030.8 2964.9
2030.8 2075.9

3961.2 1923.5
3859.6 3066.5
3554.8 3066.5
2030.8 2964.9
2030.8 2050.5

3961.2 1923.5
3859.6 3066.5
3554.8 3066.5
2030.8 2964.9
2030.8 2025.1

3961.2 1923.5
3859.6 3066.5
3554.8 3066.5
2030.8 2964.9
2030.8 1999.7

3961.2 1923.5
3859.6 3066.5
3554.8 3066.5
2030.8 2964.9
2023.7 924.5

3961.2 1923.5
3859.6 3066.5
3554.8 3066.5
2030.8 2964.9
2023.7 924.5
2023.7 874.5

3961.2 1923.5
3859.6 3066.5
3554.8 3066.5
2030.8 2964.9
2005.4 1872.7

3961.2 1923.5
3859.6 3066.5
3554.8 3066.5
2030.8 2964.9
2005.4 1872.7
2005.4 1847.3

3961.2 1923.5
3859.6 3066.5
3554.8 3066.5
2030.8 2964.9
2005.4 1872.7
2005.4 1821.9

3961.2 1923.5
3859.6 3066.5
3554.8 3066.5
2030.8 2964.9
2005.4 1872.7
2005.4 1796.5

3961.2 1923.5
3859.6 3066.5
3554.8 3066.5
2030.8 2964.9
2005.4 1872.7
2005.4 1771.1

3961.2 1923.5
3859.6 3066.5
3554.8 3066.5
2030.8 2964.9
2005.4 1872.7
2005.4 1745.7

3961.2 1923.5
3859.6 3066.5
3554.8 3066.5
2030.8 2964.9
2005.4 1872.7
2005.4 1720.3

3961.2 1923.5
3859.6 3066.5
3554.8 3066.5
2030.8 2964.9
2005.4 1872.7
2005.4 1567.9

3961.2 1923.5
3859.6 3066.5
3554.8 3066.5
2030.8 2964.9
2005.4 1872.7
2005.4 1542.5

3961.2 1923.5
3859.6 3066.5
3554.8 3066.5
2030.8 2964.9
2005.4 1872.7
2005.4 1517.1

3961.2 1923.5
3859.6 3066.5
3554.8 3066.5
2030.8 2964.9
2005.4 1872.7
2005.4 1491.7

3961.2 1923.5
3859.6 3066.5
3554.8 3066.5
2030.8 2964.9
2005.4 1872.7
2005.4 1466.3

3961.2 1923.5
3859.6 3066.5
3554.8 3066.5
2030.8 2964.9
2005.4 1872.7
2005.4 1440.9

3961.2 1923.5
3859.6 3066.5
3554.8 3066.5
2030.8 2964.9
2005.4 1872.7
2005.4 1415.5

3961.2 1923.5
3859.6 3066.5
3554.8 3066.5
2030.8 2964.9
2005.4 1872.7
2005.4 1288.5

3961.2 1923.5
3859.6 3066.5
3554.8 3066.5
2030.8 2964.9
2005.4 1872.7
2005.4 1263.1

3961.2 1923.5
3859.6 3066.5
3554.8 3066.5
2030.8 2964.9
2005.4 1872.7
2005.4 1237.7

3961.2 1923.5
3859.6 3066.5
3554.8 3066.5
2030.8 2964.9
2005.4 1872.7
2005.4 1212.3

3961.2 1923.5
3859.6 3066.5
3554.8 3066.5
2030.8 2964.9
2005.4 1872.7
2005.4 1186.9

3961.2 1923.5
3859.6 3066.5
3554.8 3066.5
2030.8 2964.9
2005.4 1872.7
2005.4 1161.5

3961.2 1923.5
3859.6 3066.5
3554.8 3066.5
2030.8 2964.9
2005.4 1872.7
2005.4 1136.1

3961.2 1923.5
3859.6 3066.5
3554.8 3066.5
2030.8 2964.9
2005.4 1872.7
1998.7 899.5

3961.2 1923.5
3859.6 3066.5
3554.8 3066.5
2030.8 2964.9
2005.4 1872.7
1998.7 899.5
1998.7 874.5

3961.2 1923.5
3859.6 3066.5
3554.8 3066.5
2030.8 2964.9
1973.7 924.5

3961.2 1923.5
3859.6 3066.5
3554.8 3066.5
2030.8 2964.9
1973.7 924.5
1973.7 874.5

3961.2 1923.5
3859.6 3066.5
3554.8 3066.5
2030.8 2964.9
1948.7 899.5

3961.2 1923.5
3859.6 3066.5
3554.8 3066.5
2030.8 2964.9
1948.7 899.5
1948.7 874.5

3961.2 1923.5
3859.6 3066.5
3554.8 3066.5
2030.8 2964.9
1929.2 1872.7

3961.2 1923.5
3859.6 3066.5
3554.8 3066.5
2030.8 2964.9
1929.2 1872.7
1929.2 1847.3

3961.2 1923.5
3859.6 3066.5
3554.8 3066.5
2030.8 2964.9
1929.2 1872.7
1929.2 1821.9

3961.2 1923.5
3859.6 3066.5
3554.8 3066.5
2030.8 2964.9
1929.2 1872.7
1929.2 1796.5

3961.2 1923.5
3859.6 3066.5
3554.8 3066.5
2030.8 2964.9
1929.2 1872.7
1929.2 1771.1

3961.2 1923.5
3859.6 3066.5
3554.8 3066.5
2030.8 2964.9
1929.2 1872.7
1929.2 1745.7

3961.2 1923.5
3859.6 3066.5
3554.8 3066.5
2030.8 2964.9
1929.2 1872.7
1929.2 1720.3

3961.2 1923.5
3859.6 3066.5
3554.8 3066.5
2030.8 2964.9
1929.2 1872.7
1929.2 1567.9

3961.2 1923.5
3859.6 3066.5
3554.8 3066.5
2030.8 2964.9
1929.2 1872.7
1929.2 1542.5

3961.2 1923.5
3859.6 3066.5
3554.8 3066.5
2030.8 2964.9
1929.2 1872.7
1929.2 1517.1

3961.2 1923.5
3859.6 3066.5
3554.8 3066.5
2030.8 2964.9
1929.2 1872.7
1929.2 1491.7

3961.2 1923.5
3859.6 3066.5
3554.8 3066.5
2030.8 2964.9
1929.2 1872.7
1929.2 1466.3

3961.2 1923.5
3859.6 3066.5
3554.8 3066.5
2030.8 2964.9
1929.2 1872.7
1929.2 1440.9

3961.2 1923.5
3859.6 3066.5
3554.8 3066.5
2030.8 2964.9
1929.2 1872.7
1929.2 1415.5

3961.2 1923.5
3859.6 3066.5
3554.8 3066.5
2030.8 2964.9
1929.2 1872.7
1929.2 1288.5

3961.2 1923.5
3859.6 3066.5
3554.8 3066.5
2030.8 2964.9
1929.2 1872.7
1929.2 1263.1

3961.2 1923.5
3859.6 3066.5
3554.8 3066.5
2030.8 2964.9
1929.2 1872.7
1929.2 1237.7

3961.2 1923.5
3859.6 3066.5
3554.8 3066.5
2030.8 2964.9
1929.2 1872.7
1929.2 1212.3

3961.2 1923.5
3859.6 3066.5
3554.8 3066.5
2030.8 2964.9
1929.2 1872.7
1929.2 1186.9

3961.2 1923.5
3859.6 3066.5
3554.8 3066.5
2030.8 2964.9
1929.2 1872.7
1929.2 1161.5

3961.2 1923.5
3859.6 3066.5
3554.8 3066.5
2030.8 2964.9
1929.2 1872.7
1929.2 1136.1

3961.2 1923.5
3859.6 3066.5
3554.8 3066.5
2030.8 2964.9
1929.2 1872.7
1923.7 924.5

3961.2 1923.5
3859.6 3066.5
3554.8 3066.5
2030.8 2964.9
1929.2 1872.7
1923.7 924.5
1923.7 874.5

3961.2 1923.5
3859.6 3066.5
3554.8 3066.5
2030.8 2964.9
1929.2 1872.7
1898.7 899.5

3961.2 1923.5
3859.6 3066.5
3554.8 3066.5
2030.8 2964.9
1929.2 1872.7
1898.7 899.5
1898.7 874.5

3961.2 1923.5
3859.6 3066.5
3554.8 3066.5
1878.4 2964.9

3961.2 1923.5
3859.6 3066.5
3554.8 3066.5
1878.4 2964.9
1878.4 2939.5

3961.2 1923.5
3859.6 3066.5
3554.8 3066.5
1878.4 2964.9
1878.4 2914.1

3961.2 1923.5
3859.6 3066.5
3554.8 3066.5
1878.4 2964.9
1878.4 2888.7

3961.2 1923.5
3859.6 3066.5
3554.8 3066.5
1878.4 2964.9
1878.4 2863.3

3961.2 1923.5
3859.6 3066.5
3554.8 3066.5
1878.4 2964.9
1878.4 2837.9

3961.2 1923.5
3859.6 3066.5
3554.8 3066.5
1878.4 2964.9
1878.4 2812.5

3961.2 1923.5
3859.6 3066.5
3554.8 3066.5
1878.4 2964.9
1878.4 2787.1

3961.2 1923.5
3859.6 3066.5
3554.8 3066.5
1878.4 2964.9
1878.4 2761.7

3961.2 1923.5
3859.6 3066.5
3554.8 3066.5
1878.4 2964.9
1878.4 2736.3

3961.2 1923.5
3859.6 3066.5
3554.8 3066.5
1878.4 2964.9
1878.4 2710.9

3961.2 1923.5
3859.6 3066.5
3554.8 3066.5
1878.4 2964.9
1878.4 2685.5

3961.2 1923.5
3859.6 3066.5
3554.8 3066.5
1878.4 2964.9
1878.4 2660.1

3961.2 1923.5
3859.6 3066.5
3554.8 3066.5
1878.4 2964.9
1878.4 2634.7

3961.2 1923.5
3859.6 3066.5
3554.8 3066.5
1878.4 2964.9
1878.4 2482.3

3961.2 1923.5
3859.6 3066.5
3554.8 3066.5
1878.4 2964.9
1878.4 2456.9

3961.2 1923.5
3859.6 3066.5
3554.8 3066.5
1878.4 2964.9
1878.4 2431.5

3961.2 1923.5
3859.6 3066.5
3554.8 3066.5
1878.4 2964.9
1878.4 2406.1

3961.2 1923.5
3859.6 3066.5
3554.8 3066.5
1878.4 2964.9
1878.4 2380.7

3961.2 1923.5
3859.6 3066.5
3554.8 3066.5
1878.4 2964.9
1878.4 2355.3

3961.2 1923.5
3859.6 3066.5
3554.8 3066.5
1878.4 2964.9
1878.4 2329.9

3961.2 1923.5
3859.6 3066.5
3554.8 3066.5
1878.4 2964.9
1878.4 2304.5

3961.2 1923.5
3859.6 3066.5
3554.8 3066.5
1878.4 2964.9
1878.4 2279.1

3961.2 1923.5
3859.6 3066.5
3554.8 3066.5
1878.4 2964.9
1878.4 2253.7

3961.2 1923.5
3859.6 3066.5
3554.8 3066.5
1878.4 2964.9
1878.4 2228.3

3961.2 1923.5
3859.6 3066.5
3554.8 3066.5
1878.4 2964.9
1878.4 2202.9

3961.2 1923.5
3859.6 3066.5
3554.8 3066.5
1878.4 2964.9
1878.4 2177.5

3961.2 1923.5
3859.6 3066.5
3554.8 3066.5
1878.4 2964.9
1878.4 2152.1

3961.2 1923.5
3859.6 3066.5
3554.8 3066.5
1878.4 2964.9
1878.4 2126.7

3961.2 1923.5
3859.6 3066.5
3554.8 3066.5
1878.4 2964.9
1878.4 2101.3

3961.2 1923.5
3859.6 3066.5
3554.8 3066.5
1878.4 2964.9
1878.4 2075.9

3961.2 1923.5
3859.6 3066.5
3554.8 3066.5
1878.4 2964.9
1878.4 2050.5

3961.2 1923.5
3859.6 3066.5
3554.8 3066.5
1878.4 2964.9
1878.4 2025.1

3961.2 1923.5
3859.6 3066.5
3554.8 3066.5
1878.4 2964.9
1878.4 1999.7

3961.2 1923.5
3859.6 3066.5
3554.8 3066.5
1878.4 2964.9
1873.7 924.5

3961.2 1923.5
3859.6 3066.5
3554.8 3066.5
1878.4 2964.9
1873.7 924.5
1873.7 874.5

3961.2 1923.5
3859.6 3066.5
3554.8 3066.5
1878.4 2964.9
1853 1491.7

3961.2 1923.5
3859.6 3066.5
3554.8 3066.5
1878.4 2964.9
1853 1491.7
1853 1466.3

3961.2 1923.5
3859.6 3066.5
3554.8 3066.5
1878.4 2964.9
1853 1491.7
1853 1440.9

3961.2 1923.5
3859.6 3066.5
3554.8 3066.5
1878.4 2964.9
1853 1491.7
1853 1415.5

3961.2 1923.5
3859.6 3066.5
3554.8 3066.5
1878.4 2964.9
1853 1491.7
1853 1390.1

3961.2 1923.5
3859.6 3066.5
3554.8 3066.5
1878.4 2964.9
1853 1491.7
1853 1364.7

3961.2 1923.5
3859.6 3066.5
3554.8 3066.5
1878.4 2964.9
1853 1491.7
1848.7 899.5

3961.2 1923.5
3859.6 3066.5
3554.8 3066.5
1878.4 2964.9
1853 1491.7
1848.7 899.5
1848.7 874.5

3961.2 1923.5
3859.6 3066.5
3554.8 3066.5
1878.4 2964.9
1827.6 1288.5

3961.2 1923.5
3859.6 3066.5
3554.8 3066.5
1878.4 2964.9
1827.6 1288.5
1827.6 1263.1

3961.2 1923.5
3859.6 3066.5
3554.8 3066.5
1878.4 2964.9
1827.6 1288.5
1827.6 1237.7

3961.2 1923.5
3859.6 3066.5
3554.8 3066.5
1878.4 2964.9
1827.6 1288.5
1827.6 1212.3

3961.2 1923.5
3859.6 3066.5
3554.8 3066.5
1878.4 2964.9
1827.6 1288.5
1827.6 1186.9

3961.2 1923.5
3859.6 3066.5
3554.8 3066.5
1878.4 2964.9
1827.6 1288.5
1827.6 1161.5

3961.2 1923.5
3859.6 3066.5
3554.8 3066.5
1878.4 2964.9
1827.6 1288.5
1827.6 1136.1

3961.2 1923.5
3859.6 3066.5
3554.8 3066.5
1878.4 2964.9
1827.6 1288.5
1823.7 924.5

3961.2 1923.5
3859.6 3066.5
3554.8 3066.5
1878.4 2964.9
1827.6 1288.5
1823.7 924.5
1823.7 874.5

3961.2 1923.5
3859.6 3066.5
3554.8 3066.5
1802.2 2964.9

3961.2 1923.5
3859.6 3066.5
3554.8 3066.5
1802.2 2964.9
1802.2 2939.5

3961.2 1923.5
3859.6 3066.5
3554.8 3066.5
1802.2 2964.9
1802.2 2914.1

3961.2 1923.5
3859.6 3066.5
3554.8 3066.5
1802.2 2964.9
1802.2 2888.7

3961.2 1923.5
3859.6 3066.5
3554.8 3066.5
1802.2 2964.9
1802.2 2863.3

3961.2 1923.5
3859.6 3066.5
3554.8 3066.5
1802.2 2964.9
1802.2 2837.9

3961.2 1923.5
3859.6 3066.5
3554.8 3066.5
1802.2 2964.9
1802.2 2812.5

3961.2 1923.5
3859.6 3066.5
3554.8 3066.5
1802.2 2964.9
1802.2 2787.1

3961.2 1923.5
3859.6 3066.5
3554.8 3066.5
1802.2 2964.9
1802.2 2761.7

3961.2 1923.5
3859.6 3066.5
3554.8 3066.5
1802.2 2964.9
1802.2 2736.3

3961.2 1923.5
3859.6 3066.5
3554.8 3066.5
1802.2 2964.9
1802.2 2710.9

3961.2 1923.5
3859.6 3066.5
3554.8 3066.5
1802.2 2964.9
1802.2 2685.5

3961.2 1923.5
3859.6 3066.5
3554.8 3066.5
1802.2 2964.9
1802.2 2660.1

3961.2 1923.5
3859.6 3066.5
3554.8 3066.5
1802.2 2964.9
1802.2 2634.7

3961.2 1923.5
3859.6 3066.5
3554.8 3066.5
1802.2 2964.9
1798.7 899.5

3961.2 1923.5
3859.6 3066.5
3554.8 3066.5
1802.2 2964.9
1798.7 899.5
1798.7 874.5

3961.2 1923.5
3859.6 3066.5
3554.8 3066.5
1802.2 2964.9
1773.7 924.5

3961.2 1923.5
3859.6 3066.5
3554.8 3066.5
1802.2 2964.9
1773.7 924.5
1773.7 874.5

3961.2 1923.5
3859.6 3066.5
3554.8 3066.5
1802.2 2964.9
1764.1 2152.1

3961.2 1923.5
3859.6 3066.5
3554.8 3066.5
1802.2 2964.9
1764.1 2152.1
1764.1 2126.7

3961.2 1923.5
3859.6 3066.5
3554.8 3066.5
1802.2 2964.9
1764.1 2152.1
1764.1 2101.3

3961.2 1923.5
3859.6 3066.5
3554.8 3066.5
1802.2 2964.9
1764.1 2152.1
1764.1 2075.9

3961.2 1923.5
3859.6 3066.5
3554.8 3066.5
1802.2 2964.9
1764.1 2152.1
1764.1 2050.5

3961.2 1923.5
3859.6 3066.5
3554.8 3066.5
1802.2 2964.9
1764.1 2152.1
1764.1 2025.1

3961.2 1923.5
3859.6 3066.5
3554.8 3066.5
1802.2 2964.9
1764.1 2152.1
1764.1 1999.7

3961.2 1923.5
3859.6 3066.5
3554.8 3066.5
1802.2 2964.9
1751.4 2482.3

3961.2 1923.5
3859.6 3066.5
3554.8 3066.5
1802.2 2964.9
1751.4 2482.3
1751.4 2456.9

3961.2 1923.5
3859.6 3066.5
3554.8 3066.5
1802.2 2964.9
1751.4 2482.3
1751.4 2431.5

3961.2 1923.5
3859.6 3066.5
3554.8 3066.5
1802.2 2964.9
1751.4 2482.3
1751.4 2406.1

3961.2 1923.5
3859.6 3066.5
3554.8 3066.5
1802.2 2964.9
1751.4 2482.3
1751.4 2380.7

3961.2 1923.5
3859.6 3066.5
3554.8 3066.5
1802.2 2964.9
1751.4 2482.3
1751.4 2355.3

3961.2 1923.5
3859.6 3066.5
3554.8 3066.5
1802.2 2964.9
1751.4 2482.3
1751.4 2329.9

3961.2 1923.5
3859.6 3066.5
3554.8 3066.5
1802.2 2964.9
1751.4 2482.3
1751.4 2304.5

3961.2 1923.5
3859.6 3066.5
3554.8 3066.5
1802.2 2964.9
1751.4 2482.3
1751.4 1491.7

3961.2 1923.5
3859.6 3066.5
3554.8 3066.5
1802.2 2964.9
1751.4 2482.3
1751.4 1466.3

3961.2 1923.5
3859.6 3066.5
3554.8 3066.5
1802.2 2964.9
1751.4 2482.3
1751.4 1440.9

3961.2 1923.5
3859.6 3066.5
3554.8 3066.5
1802.2 2964.9
1751.4 2482.3
1751.4 1415.5

3961.2 1923.5
3859.6 3066.5
3554.8 3066.5
1802.2 2964.9
1751.4 2482.3
1751.4 1390.1

3961.2 1923.5
3859.6 3066.5
3554.8 3066.5
1802.2 2964.9
1751.4 2482.3
1751.4 1364.7

3961.2 1923.5
3859.6 3066.5
3554.8 3066.5
1802.2 2964.9
1751.4 2482.3
1751.4 1288.5

3961.2 1923.5
3859.6 3066.5
3554.8 3066.5
1802.2 2964.9
1751.4 2482.3
1751.4 1263.1

3961.2 1923.5
3859.6 3066.5
3554.8 3066.5
1802.2 2964.9
1751.4 2482.3
1751.4 1237.7

3961.2 1923.5
3859.6 3066.5
3554.8 3066.5
1802.2 2964.9
1751.4 2482.3
1751.4 1212.3

3961.2 1923.5
3859.6 3066.5
3554.8 3066.5
1802.2 2964.9
1751.4 2482.3
1751.4 1186.9

3961.2 1923.5
3859.6 3066.5
3554.8 3066.5
1802.2 2964.9
1751.4 2482.3
1751.4 1161.5

3961.2 1923.5
3859.6 3066.5
3554.8 3066.5
1802.2 2964.9
1751.4 2482.3
1751.4 1136.1

3961.2 1923.5
3859.6 3066.5
3554.8 3066.5
1802.2 2964.9
1751.4 2482.3
1748.7 899.5

3961.2 1923.5
3859.6 3066.5
3554.8 3066.5
1802.2 2964.9
1751.4 2482.3
1748.7 899.5
1748.7 874.5

3961.2 1923.5
3859.6 3066.5
3554.8 3066.5
1802.2 2964.9
1751.4 2482.3
1723.7 924.5

3961.2 1923.5
3859.6 3066.5
3554.8 3066.5
1802.2 2964.9
1751.4 2482.3
1723.7 924.5
1723.7 874.5

3961.2 1923.5
3859.6 3066.5
3554.8 3066.5
1802.2 2964.9
1751.4 2482.3
1698.7 899.5

3961.2 1923.5
3859.6 3066.5
3554.8 3066.5
1802.2 2964.9
1751.4 2482.3
1698.7 899.5
1698.7 874.5

3961.2 1923.5
3859.6 3066.5
3554.8 3066.5
1802.2 2964.9
1687.9 2152.1

3961.2 1923.5
3859.6 3066.5
3554.8 3066.5
1802.2 2964.9
1687.9 2152.1
1687.9 2126.7

3961.2 1923.5
3859.6 3066.5
3554.8 3066.5
1802.2 2964.9
1687.9 2152.1
1687.9 2101.3

3961.2 1923.5
3859.6 3066.5
3554.8 3066.5
1802.2 2964.9
1687.9 2152.1
1687.9 2075.9

3961.2 1923.5
3859.6 3066.5
3554.8 3066.5
1802.2 2964.9
1687.9 2152.1
1687.9 2050.5

3961.2 1923.5
3859.6 3066.5
3554.8 3066.5
1802.2 2964.9
1687.9 2152.1
1687.9 2025.1

3961.2 1923.5
3859.6 3066.5
3554.8 3066.5
1802.2 2964.9
1687.9 2152.1
1687.9 1999.7

3961.2 1923.5
3859.6 3066.5
3554.8 3066.5
1802.2 2964.9
1675.2 2482.3

3961.2 1923.5
3859.6 3066.5
3554.8 3066.5
1802.2 2964.9
1675.2 2482.3
1675.2 2456.9

3961.2 1923.5
3859.6 3066.5
3554.8 3066.5
1802.2 2964.9
1675.2 2482.3
1675.2 2431.5

3961.2 1923.5
3859.6 3066.5
3554.8 3066.5
1802.2 2964.9
1675.2 2482.3
1675.2 2406.1

3961.2 1923.5
3859.6 3066.5
3554.8 3066.5
1802.2 2964.9
1675.2 2482.3
1675.2 2380.7

3961.2 1923.5
3859.6 3066.5
3554.8 3066.5
1802.2 2964.9
1675.2 2482.3
1675.2 2355.3

3961.2 1923.5
3859.6 3066.5
3554.8 3066.5
1802.2 2964.9
1675.2 2482.3
1675.2 2329.9

3961.2 1923.5
3859.6 3066.5
3554.8 3066.5
1802.2 2964.9
1675.2 2482.3
1675.2 2304.5

3961.2 1923.5
3859.6 3066.5
3554.8 3066.5
1802.2 2964.9
1675.2 2482.3
1673.7 924.5

3961.2 1923.5
3859.6 3066.5
3554.8 3066.5
1802.2 2964.9
1675.2 2482.3
1673.7 924.5
1673.7 874.5

3961.2 1923.5
3859.6 3066.5
3554.8 3066.5
1649.8 2964.9

3961.2 1923.5
3859.6 3066.5
3554.8 3066.5
1649.8 2964.9
1649.8 2939.5

3961.2 1923.5
3859.6 3066.5
3554.8 3066.5
1649.8 2964.9
1649.8 2914.1

3961.2 1923.5
3859.6 3066.5
3554.8 3066.5
1649.8 2964.9
1649.8 2888.7

3961.2 1923.5
3859.6 3066.5
3554.8 3066.5
1649.8 2964.9
1649.8 2863.3

3961.2 1923.5
3859.6 3066.5
3554.8 3066.5
1649.8 2964.9
1649.8 2837.9

3961.2 1923.5
3859.6 3066.5
3554.8 3066.5
1649.8 2964.9
1649.8 2812.5

3961.2 1923.5
3859.6 3066.5
3554.8 3066.5
1649.8 2964.9
1649.8 2787.1

3961.2 1923.5
3859.6 3066.5
3554.8 3066.5
1649.8 2964.9
1649.8 2761.7

3961.2 1923.5
3859.6 3066.5
3554.8 3066.5
1649.8 2964.9
1649.8 2736.3

3961.2 1923.5
3859.6 3066.5
3554.8 3066.5
1649.8 2964.9
1649.8 2710.9

3961.2 1923.5
3859.6 3066.5
3554.8 3066.5
1649.8 2964.9
1649.8 2685.5

3961.2 1923.5
3859.6 3066.5
3554.8 3066.5
1649.8 2964.9
1649.8 2660.1

3961.2 1923.5
3859.6 3066.5
3554.8 3066.5
1649.8 2964.9
1649.8 2634.7

3961.2 1923.5
3859.6 3066.5
3554.8 3066.5
1649.8 2964.9
1649.8 1872.7

3961.2 1923.5
3859.6 3066.5
3554.8 3066.5
1649.8 2964.9
1649.8 1847.3

3961.2 1923.5
3859.6 3066.5
3554.8 3066.5
1649.8 2964.9
1649.8 1821.9

3961.2 1923.5
3859.6 3066.5
3554.8 3066.5
1649.8 2964.9
1649.8 1796.5

3961.2 1923.5
3859.6 3066.5
3554.8 3066.5
1649.8 2964.9
1649.8 1771.1

3961.2 1923.5
3859.6 3066.5
3554.8 3066.5
1649.8 2964.9
1649.8 1745.7

3961.2 1923.5
3859.6 3066.5
3554.8 3066.5
1649.8 2964.9
1649.8 1720.3

3961.2 1923.5
3859.6 3066.5
3554.8 3066.5
1649.8 2964.9
1649.8 1694.9

3961.2 1923.5
3859.6 3066.5
3554.8 3066.5
1649.8 2964.9
1649.8 1567.9

3961.2 1923.5
3859.6 3066.5
3554.8 3066.5
1649.8 2964.9
1649.8 1542.5

3961.2 1923.5
3859.6 3066.5
3554.8 3066.5
1649.8 2964.9
1649.8 1517.1

3961.2 1923.5
3859.6 3066.5
3554.8 3066.5
1649.8 2964.9
1649.8 1491.7

3961.2 1923.5
3859.6 3066.5
3554.8 3066.5
1649.8 2964.9
1649.8 1466.3

3961.2 1923.5
3859.6 3066.5
3554.8 3066.5
1649.8 2964.9
1649.8 1440.9

3961.2 1923.5
3859.6 3066.5
3554.8 3066.5
1649.8 2964.9
1649.8 1415.5

3961.2 1923.5
3859.6 3066.5
3554.8 3066.5
1649.8 2964.9
1649.8 1390.1

3961.2 1923.5
3859.6 3066.5
3554.8 3066.5
1649.8 2964.9
1649.8 1288.5

3961.2 1923.5
3859.6 3066.5
3554.8 3066.5
1649.8 2964.9
1649.8 1263.1

3961.2 1923.5
3859.6 3066.5
3554.8 3066.5
1649.8 2964.9
1649.8 1237.7

3961.2 1923.5
3859.6 3066.5
3554.8 3066.5
1649.8 2964.9
1649.8 1212.3

3961.2 1923.5
3859.6 3066.5
3554.8 3066.5
1649.8 2964.9
1649.8 1186.9

3961.2 1923.5
3859.6 3066.5
3554.8 3066.5
1649.8 2964.9
1649.8 1161.5

3961.2 1923.5
3859.6 3066.5
3554.8 3066.5
1649.8 2964.9
1649.8 1136.1

3961.2 1923.5
3859.6 3066.5
3554.8 3066.5
1649.8 2964.9
1649.8 1110.7

3961.2 1923.5
3859.6 3066.5
3554.8 3066.5
1649.8 2964.9
1648.7 899.5

3961.2 1923.5
3859.6 3066.5
3554.8 3066.5
1649.8 2964.9
1648.7 899.5
1648.7 874.5

3961.2 1923.5
3859.6 3066.5
3554.8 3066.5
1649.8 2964.9
1623.7 924.5

3961.2 1923.5
3859.6 3066.5
3554.8 3066.5
1649.8 2964.9
1623.7 924.5
1623.7 874.5

3961.2 1923.5
3859.6 3066.5
3554.8 3066.5
1649.8 2964.9
1598.7 899.5

3961.2 1923.5
3859.6 3066.5
3554.8 3066.5
1649.8 2964.9
1598.7 899.5
1598.7 874.5

3961.2 1923.5
3859.6 3066.5
3554.8 3066.5
1649.8 2964.9
1573.7 924.5

3961.2 1923.5
3859.6 3066.5
3554.8 3066.5
1649.8 2964.9
1573.7 924.5
1573.7 874.5

3961.2 1923.5
3859.6 3066.5
3554.8 3066.5
1649.8 2964.9
1573.6 1872.7

3961.2 1923.5
3859.6 3066.5
3554.8 3066.5
1649.8 2964.9
1573.6 1872.7
1573.6 1847.3

3961.2 1923.5
3859.6 3066.5
3554.8 3066.5
1649.8 2964.9
1573.6 1872.7
1573.6 1821.9

3961.2 1923.5
3859.6 3066.5
3554.8 3066.5
1649.8 2964.9
1573.6 1872.7
1573.6 1796.5

3961.2 1923.5
3859.6 3066.5
3554.8 3066.5
1649.8 2964.9
1573.6 1872.7
1573.6 1771.1

3961.2 1923.5
3859.6 3066.5
3554.8 3066.5
1649.8 2964.9
1573.6 1872.7
1573.6 1745.7

3961.2 1923.5
3859.6 3066.5
3554.8 3066.5
1649.8 2964.9
1573.6 1872.7
1573.6 1720.3

3961.2 1923.5
3859.6 3066.5
3554.8 3066.5
1649.8 2964.9
1573.6 1872.7
1573.6 1694.9

3961.2 1923.5
3859.6 3066.5
3554.8 3066.5
1649.8 2964.9
1573.6 1872.7
1573.6 1567.9

3961.2 1923.5
3859.6 3066.5
3554.8 3066.5
1649.8 2964.9
1573.6 1872.7
1573.6 1542.5

3961.2 1923.5
3859.6 3066.5
3554.8 3066.5
1649.8 2964.9
1573.6 1872.7
1573.6 1517.1

3961.2 1923.5
3859.6 3066.5
3554.8 3066.5
1649.8 2964.9
1573.6 1872.7
1573.6 1491.7

3961.2 1923.5
3859.6 3066.5
3554.8 3066.5
1649.8 2964.9
1573.6 1872.7
1573.6 1466.3

3961.2 1923.5
3859.6 3066.5
3554.8 3066.5
1649.8 2964.9
1573.6 1872.7
1573.6 1440.9

3961.2 1923.5
3859.6 3066.5
3554.8 3066.5
1649.8 2964.9
1573.6 1872.7
1573.6 1415.5

3961.2 1923.5
3859.6 3066.5
3554.8 3066.5
1649.8 2964.9
1573.6 1872.7
1573.6 1390.1

3961.2 1923.5
3859.6 3066.5
3554.8 3066.5
1649.8 2964.9
1573.6 1872.7
1573.6 1288.5

3961.2 1923.5
3859.6 3066.5
3554.8 3066.5
1649.8 2964.9
1573.6 1872.7
1573.6 1263.1

3961.2 1923.5
3859.6 3066.5
3554.8 3066.5
1649.8 2964.9
1573.6 1872.7
1573.6 1237.7

3961.2 1923.5
3859.6 3066.5
3554.8 3066.5
1649.8 2964.9
1573.6 1872.7
1573.6 1212.3

3961.2 1923.5
3859.6 3066.5
3554.8 3066.5
1649.8 2964.9
1573.6 1872.7
1573.6 1186.9

3961.2 1923.5
3859.6 3066.5
3554.8 3066.5
1649.8 2964.9
1573.6 1872.7
1573.6 1161.5

3961.2 1923.5
3859.6 3066.5
3554.8 3066.5
1649.8 2964.9
1573.6 1872.7
1573.6 1136.1

3961.2 1923.5
3859.6 3066.5
3554.8 3066.5
1649.8 2964.9
1573.6 1872.7
1573.6 1110.7

3961.2 1923.5
3859.6 3066.5
3554.8 3066.5
1649.8 2964.9
1573.6 1872.7
1548.7 899.5

3961.2 1923.5
3859.6 3066.5
3554.8 3066.5
1649.8 2964.9
1573.6 1872.7
1548.7 899.5
1548.7 874.5

3961.2 1923.5
3859.6 3066.5
3554.8 3066.5
1548.2 2964.9

3961.2 1923.5
3859.6 3066.5
3554.8 3066.5
1548.2 2964.9
1548.2 2939.5

3961.2 1923.5
3859.6 3066.5
3554.8 3066.5
1548.2 2964.9
1548.2 2914.1

3961.2 1923.5
3859.6 3066.5
3554.8 3066.5
1548.2 2964.9
1548.2 2888.7

3961.2 1923.5
3859.6 3066.5
3554.8 3066.5
1548.2 2964.9
1548.2 2863.3

3961.2 1923.5
3859.6 3066.5
3554.8 3066.5
1548.2 2964.9
1548.2 2837.9

3961.2 1923.5
3859.6 3066.5
3554.8 3066.5
1548.2 2964.9
1548.2 2812.5

3961.2 1923.5
3859.6 3066.5
3554.8 3066.5
1548.2 2964.9
1548.2 2787.1

3961.2 1923.5
3859.6 3066.5
3554.8 3066.5
1548.2 2964.9
1548.2 2761.7

3961.2 1923.5
3859.6 3066.5
3554.8 3066.5
1548.2 2964.9
1548.2 2736.3

3961.2 1923.5
3859.6 3066.5
3554.8 3066.5
1548.2 2964.9
1548.2 2710.9

3961.2 1923.5
3859.6 3066.5
3554.8 3066.5
1548.2 2964.9
1548.2 2685.5

3961.2 1923.5
3859.6 3066.5
3554.8 3066.5
1548.2 2964.9
1548.2 2660.1

3961.2 1923.5
3859.6 3066.5
3554.8 3066.5
1548.2 2964.9
1548.2 2634.7

3961.2 1923.5
3859.6 3066.5
3554.8 3066.5
1548.2 2964.9
1548.2 2482.3

3961.2 1923.5
3859.6 3066.5
3554.8 3066.5
1548.2 2964.9
1548.2 2456.9

3961.2 1923.5
3859.6 3066.5
3554.8 3066.5
1548.2 2964.9
1548.2 2431.5

3961.2 1923.5
3859.6 3066.5
3554.8 3066.5
1548.2 2964.9
1548.2 2406.1

3961.2 1923.5
3859.6 3066.5
3554.8 3066.5
1548.2 2964.9
1548.2 2380.7

3961.2 1923.5
3859.6 3066.5
3554.8 3066.5
1548.2 2964.9
1548.2 2355.3

3961.2 1923.5
3859.6 3066.5
3554.8 3066.5
1548.2 2964.9
1548.2 2329.9

3961.2 1923.5
3859.6 3066.5
3554.8 3066.5
1548.2 2964.9
1548.2 2304.5

3961.2 1923.5
3859.6 3066.5
3554.8 3066.5
1548.2 2964.9
1548.2 2279.1

3961.2 1923.5
3859.6 3066.5
3554.8 3066.5
1548.2 2964.9
1548.2 2253.7

3961.2 1923.5
3859.6 3066.5
3554.8 3066.5
1548.2 2964.9
1548.2 2228.3

3961.2 1923.5
3859.6 3066.5
3554.8 3066.5
1548.2 2964.9
1548.2 2202.9

3961.2 1923.5
3859.6 3066.5
3554.8 3066.5
1548.2 2964.9
1548.2 2177.5

3961.2 1923.5
3859.6 3066.5
3554.8 3066.5
1548.2 2964.9
1548.2 2152.1

3961.2 1923.5
3859.6 3066.5
3554.8 3066.5
1548.2 2964.9
1548.2 2126.7

3961.2 1923.5
3859.6 3066.5
3554.8 3066.5
1548.2 2964.9
1548.2 2101.3

3961.2 1923.5
3859.6 3066.5
3554.8 3066.5
1548.2 2964.9
1548.2 2075.9

3961.2 1923.5
3859.6 3066.5
3554.8 3066.5
1548.2 2964.9
1548.2 2050.5

3961.2 1923.5
3859.6 3066.5
3554.8 3066.5
1548.2 2964.9
1548.2 2025.1

3961.2 1923.5
3859.6 3066.5
3554.8 3066.5
1548.2 2964.9
1548.2 1999.7

3961.2 1923.5
3859.6 3066.5
3554.8 3066.5
1548.2 2964.9
1523.7 924.5

3961.2 1923.5
3859.6 3066.5
3554.8 3066.5
1548.2 2964.9
1523.7 924.5
1523.7 874.5

3961.2 1923.5
3859.6 3066.5
3554.8 3066.5
1522.8 3041.1

3961.2 1923.5
3859.6 3066.5
3554.8 3066.5
1522.8 3041.1
1522.8 1136.1

3961.2 1923.5
3859.6 3066.5
3554.8 3066.5
1522.8 3041.1
1522.8 1085.3

3961.2 1923.5
3859.6 3066.5
3554.8 3066.5
1522.8 3041.1
1498.7 899.5

3961.2 1923.5
3859.6 3066.5
3554.8 3066.5
1522.8 3041.1
1498.7 899.5
1498.7 874.5

3961.2 1923.5
3859.6 3066.5
3554.8 3066.5
1522.8 3041.1
1473.7 924.5

3961.2 1923.5
3859.6 3066.5
3554.8 3066.5
1522.8 3041.1
1473.7 924.5
1473.7 874.5

3961.2 1923.5
3859.6 3066.5
3554.8 3066.5
1472 3041.1

3961.2 1923.5
3859.6 3066.5
3554.8 3066.5
1472 3041.1
1472 1872.7

3961.2 1923.5
3859.6 3066.5
3554.8 3066.5
1472 3041.1
1472 1847.3

3961.2 1923.5
3859.6 3066.5
3554.8 3066.5
1472 3041.1
1472 1821.9

3961.2 1923.5
3859.6 3066.5
3554.8 3066.5
1472 3041.1
1472 1796.5

3961.2 1923.5
3859.6 3066.5
3554.8 3066.5
1472 3041.1
1472 1771.1

3961.2 1923.5
3859.6 3066.5
3554.8 3066.5
1472 3041.1
1472 1745.7

3961.2 1923.5
3859.6 3066.5
3554.8 3066.5
1472 3041.1
1472 1720.3

3961.2 1923.5
3859.6 3066.5
3554.8 3066.5
1472 3041.1
1472 1694.9

3961.2 1923.5
3859.6 3066.5
3554.8 3066.5
1472 3041.1
1472 1567.9

3961.2 1923.5
3859.6 3066.5
3554.8 3066.5
1472 3041.1
1472 1542.5

3961.2 1923.5
3859.6 3066.5
3554.8 3066.5
1472 3041.1
1472 1517.1

3961.2 1923.5
3859.6 3066.5
3554.8 3066.5
1472 3041.1
1472 1491.7

3961.2 1923.5
3859.6 3066.5
3554.8 3066.5
1472 3041.1
1472 1466.3

3961.2 1923.5
3859.6 3066.5
3554.8 3066.5
1472 3041.1
1472 1440.9

3961.2 1923.5
3859.6 3066.5
3554.8 3066.5
1472 3041.1
1472 1415.5

3961.2 1923.5
3859.6 3066.5
3554.8 3066.5
1472 3041.1
1472 1390.1

3961.2 1923.5
3859.6 3066.5
3554.8 3066.5
1472 3041.1
1472 1288.5

3961.2 1923.5
3859.6 3066.5
3554.8 3066.5
1472 3041.1
1472 1263.1

3961.2 1923.5
3859.6 3066.5
3554.8 3066.5
1472 3041.1
1472 1237.7

3961.2 1923.5
3859.6 3066.5
3554.8 3066.5
1472 3041.1
1472 1212.3

3961.2 1923.5
3859.6 3066.5
3554.8 3066.5
1472 3041.1
1472 1186.9

3961.2 1923.5
3859.6 3066.5
3554.8 3066.5
1472 3041.1
1472 1161.5

3961.2 1923.5
3859.6 3066.5
3554.8 3066.5
1472 3041.1
1472 1136.1

3961.2 1923.5
3859.6 3066.5
3554.8 3066.5
1472 3041.1
1472 1110.7

3961.2 1923.5
3859.6 3066.5
3554.8 3066.5
1472 3041.1
1448.7 899.5

3961.2 1923.5
3859.6 3066.5
3554.8 3066.5
1472 3041.1
1448.7 899.5
1448.7 874.5

3961.2 1923.5
3859.6 3066.5
3554.8 3066.5
1472 3041.1
1423.7 924.5

3961.2 1923.5
3859.6 3066.5
3554.8 3066.5
1472 3041.1
1423.7 924.5
1423.7 874.5

3961.2 1923.5
3859.6 3066.5
3554.8 3066.5
1472 3041.1
1398.7 899.5

3961.2 1923.5
3859.6 3066.5
3554.8 3066.5
1472 3041.1
1398.7 899.5
1398.7 874.5

3961.2 1923.5
3859.6 3066.5
3554.8 3066.5
1472 3041.1
1395.8 2964.9

3961.2 1923.5
3859.6 3066.5
3554.8 3066.5
1472 3041.1
1395.8 2964.9
1395.8 2939.5

3961.2 1923.5
3859.6 3066.5
3554.8 3066.5
1472 3041.1
1395.8 2964.9
1395.8 2914.1

3961.2 1923.5
3859.6 3066.5
3554.8 3066.5
1472 3041.1
1395.8 2964.9
1395.8 2888.7

3961.2 1923.5
3859.6 3066.5
3554.8 3066.5
1472 3041.1
1395.8 2964.9
1395.8 2863.3

3961.2 1923.5
3859.6 3066.5
3554.8 3066.5
1472 3041.1
1395.8 2964.9
1395.8 2837.9

3961.2 1923.5
3859.6 3066.5
3554.8 3066.5
1472 3041.1
1395.8 2964.9
1395.8 2812.5

3961.2 1923.5
3859.6 3066.5
3554.8 3066.5
1472 3041.1
1395.8 2964.9
1395.8 2787.1

3961.2 1923.5
3859.6 3066.5
3554.8 3066.5
1472 3041.1
1395.8 2964.9
1395.8 2761.7

3961.2 1923.5
3859.6 3066.5
3554.8 3066.5
1472 3041.1
1395.8 2964.9
1395.8 2736.3

3961.2 1923.5
3859.6 3066.5
3554.8 3066.5
1472 3041.1
1395.8 2964.9
1395.8 2710.9

3961.2 1923.5
3859.6 3066.5
3554.8 3066.5
1472 3041.1
1395.8 2964.9
1395.8 2685.5

3961.2 1923.5
3859.6 3066.5
3554.8 3066.5
1472 3041.1
1395.8 2964.9
1395.8 2660.1

3961.2 1923.5
3859.6 3066.5
3554.8 3066.5
1472 3041.1
1395.8 2964.9
1395.8 2634.7

3961.2 1923.5
3859.6 3066.5
3554.8 3066.5
1472 3041.1
1395.8 2964.9
1395.8 2482.3

3961.2 1923.5
3859.6 3066.5
3554.8 3066.5
1472 3041.1
1395.8 2964.9
1395.8 2456.9

3961.2 1923.5
3859.6 3066.5
3554.8 3066.5
1472 3041.1
1395.8 2964.9
1395.8 2431.5

3961.2 1923.5
3859.6 3066.5
3554.8 3066.5
1472 3041.1
1395.8 2964.9
1395.8 2406.1

3961.2 1923.5
3859.6 3066.5
3554.8 3066.5
1472 3041.1
1395.8 2964.9
1395.8 2380.7

3961.2 1923.5
3859.6 3066.5
3554.8 3066.5
1472 3041.1
1395.8 2964.9
1395.8 2355.3

3961.2 1923.5
3859.6 3066.5
3554.8 3066.5
1472 3041.1
1395.8 2964.9
1395.8 2329.9

3961.2 1923.5
3859.6 3066.5
3554.8 3066.5
1472 3041.1
1395.8 2964.9
1395.8 2304.5

3961.2 1923.5
3859.6 3066.5
3554.8 3066.5
1472 3041.1
1395.8 2964.9
1395.8 2279.1

3961.2 1923.5
3859.6 3066.5
3554.8 3066.5
1472 3041.1
1395.8 2964.9
1395.8 2253.7

3961.2 1923.5
3859.6 3066.5
3554.8 3066.5
1472 3041.1
1395.8 2964.9
1395.8 2228.3

3961.2 1923.5
3859.6 3066.5
3554.8 3066.5
1472 3041.1
1395.8 2964.9
1395.8 2202.9

3961.2 1923.5
3859.6 3066.5
3554.8 3066.5
1472 3041.1
1395.8 2964.9
1395.8 2177.5

3961.2 1923.5
3859.6 3066.5
3554.8 3066.5
1472 3041.1
1395.8 2964.9
1395.8 2152.1

3961.2 1923.5
3859.6 3066.5
3554.8 3066.5
1472 3041.1
1395.8 2964.9
1395.8 2126.7

3961.2 1923.5
3859.6 3066.5
3554.8 3066.5
1472 3041.1
1395.8 2964.9
1395.8 2101.3

3961.2 1923.5
3859.6 3066.5
3554.8 3066.5
1472 3041.1
1395.8 2964.9
1395.8 2075.9

3961.2 1923.5
3859.6 3066.5
3554.8 3066.5
1472 3041.1
1395.8 2964.9
1395.8 2050.5

3961.2 1923.5
3859.6 3066.5
3554.8 3066.5
1472 3041.1
1395.8 2964.9
1395.8 2025.1

3961.2 1923.5
3859.6 3066.5
3554.8 3066.5
1472 3041.1
1395.8 2964.9
1395.8 1999.7

3961.2 1923.5
3859.6 3066.5
3554.8 3066.5
1472 3041.1
1395.8 2964.9
1395.8 1872.7

3961.2 1923.5
3859.6 3066.5
3554.8 3066.5
1472 3041.1
1395.8 2964.9
1395.8 1847.3

3961.2 1923.5
3859.6 3066.5
3554.8 3066.5
1472 3041.1
1395.8 2964.9
1395.8 1821.9

3961.2 1923.5
3859.6 3066.5
3554.8 3066.5
1472 3041.1
1395.8 2964.9
1395.8 1796.5

3961.2 1923.5
3859.6 3066.5
3554.8 3066.5
1472 3041.1
1395.8 2964.9
1395.8 1771.1

3961.2 1923.5
3859.6 3066.5
3554.8 3066.5
1472 3041.1
1395.8 2964.9
1395.8 1745.7

3961.2 1923.5
3859.6 3066.5
3554.8 3066.5
1472 3041.1
1395.8 2964.9
1395.8 1720.3

3961.2 1923.5
3859.6 3066.5
3554.8 3066.5
1472 3041.1
1395.8 2964.9
1395.8 1694.9

3961.2 1923.5
3859.6 3066.5
3554.8 3066.5
1472 3041.1
1395.8 2964.9
1395.8 1567.9

3961.2 1923.5
3859.6 3066.5
3554.8 3066.5
1472 3041.1
1395.8 2964.9
1395.8 1542.5

3961.2 1923.5
3859.6 3066.5
3554.8 3066.5
1472 3041.1
1395.8 2964.9
1395.8 1517.1

3961.2 1923.5
3859.6 3066.5
3554.8 3066.5
1472 3041.1
1395.8 2964.9
1395.8 1491.7

3961.2 1923.5
3859.6 3066.5
3554.8 3066.5
1472 3041.1
1395.8 2964.9
1395.8 1466.3

3961.2 1923.5
3859.6 3066.5
3554.8 3066.5
1472 3041.1
1395.8 2964.9
1395.8 1440.9

3961.2 1923.5
3859.6 3066.5
3554.8 3066.5
1472 3041.1
1395.8 2964.9
1395.8 1415.5

3961.2 1923.5
3859.6 3066.5
3554.8 3066.5
1472 3041.1
1395.8 2964.9
1395.8 1390.1

3961.2 1923.5
3859.6 3066.5
3554.8 3066.5
1472 3041.1
1395.8 2964.9
1395.8 1288.5

3961.2 1923.5
3859.6 3066.5
3554.8 3066.5
1472 3041.1
1395.8 2964.9
1395.8 1263.1

3961.2 1923.5
3859.6 3066.5
3554.8 3066.5
1472 3041.1
1395.8 2964.9
1395.8 1237.7

3961.2 1923.5
3859.6 3066.5
3554.8 3066.5
1472 3041.1
1395.8 2964.9
1395.8 1212.3

3961.2 1923.5
3859.6 3066.5
3554.8 3066.5
1472 3041.1
1395.8 2964.9
1395.8 1186.9

3961.2 1923.5
3859.6 3066.5
3554.8 3066.5
1472 3041.1
1395.8 2964.9
1395.8 1161.5

3961.2 1923.5
3859.6 3066.5
3554.8 3066.5
1472 3041.1
1395.8 2964.9
1395.8 1136.1

3961.2 1923.5
3859.6 3066.5
3554.8 3066.5
1472 3041.1
1395.8 2964.9
1395.8 1110.7

3961.2 1923.5
3859.6 3066.5
3554.8 3066.5
1472 3041.1
1395.8 2964.9
1373.7 924.5

3961.2 1923.5
3859.6 3066.5
3554.8 3066.5
1472 3041.1
1395.8 2964.9
1373.7 924.5
1373.7 874.5

3961.2 1923.5
3859.6 3066.5
3554.8 3066.5
1472 3041.1
1395.8 2964.9
1348.7 899.5

3961.2 1923.5
3859.6 3066.5
3554.8 3066.5
1472 3041.1
1395.8 2964.9
1348.7 899.5
1348.7 874.5

3961.2 1923.5
3859.6 3066.5
3554.8 3066.5
1472 3041.1
1395.8 2964.9
1323.7 924.5

3961.2 1923.5
3859.6 3066.5
3554.8 3066.5
1472 3041.1
1395.8 2964.9
1323.7 924.5
1323.7 874.5

3961.2 1923.5
3859.6 3066.5
3554.8 3066.5
1472 3041.1
1319.6 2901.4

3961.2 1923.5
3859.6 3066.5
3554.8 3066.5
1472 3041.1
1319.6 2901.4
1319.6 2469.6

3961.2 1923.5
3859.6 3066.5
3554.8 3066.5
1472 3041.1
1319.6 2901.4
1319.6 2418.8

3961.2 1923.5
3859.6 3066.5
3554.8 3066.5
1472 3041.1
1319.6 2901.4
1298.7 899.5

3961.2 1923.5
3859.6 3066.5
3554.8 3066.5
1472 3041.1
1319.6 2901.4
1298.7 899.5
1298.7 874.5

3961.2 1923.5
3859.6 3066.5
3554.8 3066.5
1472 3041.1
1294.2 2901.4

3961.2 1923.5
3859.6 3066.5
3554.8 3066.5
1472 3041.1
1268.8 2901.4

3961.2 1923.5
3859.6 3066.5
3554.8 3066.5
1472 3041.1
1268.8 2901.4
1243.4 2685.5

3961.2 1923.5
3859.6 3066.5
3554.8 3066.5
1472 3041.1
1268.8 2901.4
1243.4 2685.5
1243.4 2583.9

3961.2 1923.5
3859.6 3066.5
1218 3066.5

3961.2 1923.5
3859.6 3066.5
1218 3066.5
1218 3041.1

3961.2 1923.5
3859.6 3066.5
1218 3066.5
1218 3015.7

3961.2 1923.5
3859.6 3066.5
1218 3066.5
1218 2990.3

3961.2 1923.5
3859.6 3066.5
1218 3066.5
1218 2964.9

3961.2 1923.5
3859.6 3066.5
1218 3066.5
1218 2939.5

3961.2 1923.5
3859.6 3066.5
1218 3066.5
1218 2914.1

3961.2 1923.5
3859.6 3066.5
1218 3066.5
1218 2888.7

3961.2 1923.5
3859.6 3066.5
1218 3066.5
1167.2 2736.3

3961.2 1923.5
3859.6 3066.5
1218 3066.5
1167.2 2736.3
1167.2 2583.9

3961.2 1923.5
3859.6 3066.5
1218 3066.5
1167.2 2736.3
1167.2 2507.7

3961.2 1923.5
3859.6 3066.5
1218 3066.5
1167.2 2736.3
1167.2 2355.3

3961.2 1923.5
3859.6 3066.5
1218 3066.5
1167.2 2736.3
1167.2 2279.1

3961.2 1923.5
3859.6 3066.5
1218 3066.5
1167.2 2736.3
1167.2 2126.7

3961.2 1923.5
3859.6 3066.5
1218 3066.5
1167.2 2736.3
1167.2 2050.5

3961.2 1923.5
3859.6 3066.5
1218 3066.5
1167.2 2736.3
1167.2 1898.1

3961.2 1923.5
3859.6 3066.5
1218 3066.5
1167.2 2736.3
1167.2 1796.5

3961.2 1923.5
3859.6 3066.5
1218 3066.5
1167.2 2736.3
1167.2 1644.1

3961.2 1923.5
3859.6 3066.5
1218 3066.5
1167.2 2736.3
1167.2 1567.9

3961.2 1923.5
3859.6 3066.5
1218 3066.5
1167.2 2736.3
1167.2 1415.5

3961.2 1923.5
3859.6 3066.5
1218 3066.5
1167.2 2736.3
1167.2 1339.3

3961.2 1923.5
3859.6 3066.5
1218 3066.5
1167.2 2736.3
1167.2 1186.9

3961.2 1923.5
3859.6 3066.5
1218 3066.5
1167.2 2736.3
1167.2 1110.7

3961.2 1923.5
3859.6 3066.5
1218 3066.5
1167.2 2736.3
1167.2 958.3

3961.2 1923.5
3859.6 3066.5
1141.8 3066.5

3961.2 1923.5
3859.6 3066.5
1141.8 3066.5
1141.8 3041.1

3961.2 1923.5
3859.6 3066.5
1141.8 3066.5
1141.8 3015.7

3961.2 1923.5
3859.6 3066.5
1141.8 3066.5
1141.8 2990.3

3961.2 1923.5
3859.6 3066.5
1141.8 3066.5
1141.8 2964.9

3961.2 1923.5
3859.6 3066.5
1141.8 3066.5
1141.8 2939.5

3961.2 1923.5
3859.6 3066.5
1141.8 3066.5
1141.8 2914.1

3961.2 1923.5
3859.6 3066.5
1141.8 3066.5
1141.8 2888.7

3961.2 1923.5
3859.6 3066.5
1141.8 3066.5
1141.8 2736.3

3961.2 1923.5
3859.6 3066.5
1141.8 3066.5
1141.8 2583.9

3961.2 1923.5
3859.6 3066.5
1141.8 3066.5
1141.8 2507.7

3961.2 1923.5
3859.6 3066.5
1141.8 3066.5
1141.8 2355.3

3961.2 1923.5
3859.6 3066.5
1141.8 3066.5
1141.8 2279.1

3961.2 1923.5
3859.6 3066.5
1141.8 3066.5
1141.8 2126.7

3961.2 1923.5
3859.6 3066.5
1141.8 3066.5
1141.8 2050.5

3961.2 1923.5
3859.6 3066.5
1141.8 3066.5
1141.8 1898.1

3961.2 1923.5
3859.6 3066.5
1141.8 3066.5
1141.8 1796.5

3961.2 1923.5
3859.6 3066.5
1141.8 3066.5
1141.8 1644.1

3961.2 1923.5
3859.6 3066.5
1141.8 3066.5
1141.8 1567.9

3961.2 1923.5
3859.6 3066.5
1141.8 3066.5
1141.8 1415.5

3961.2 1923.5
3859.6 3066.5
1141.8 3066.5
1141.8 1339.3

3961.2 1923.5
3859.6 3066.5
1141.8 3066.5
1141.8 1186.9

3961.2 1923.5
3859.6 3066.5
1141.8 3066.5
1141.8 1110.7

3961.2 1923.5
3859.6 3066.5
1141.8 3066.5
1141.8 958.3

3961.2 1923.5
3859.6 3066.5
1141.8 3066.5
1116.4 2736.3

3961.2 1923.5
3859.6 3066.5
1141.8 3066.5
1116.4 2736.3
1116.4 2583.9

3961.2 1923.5
3859.6 3066.5
1141.8 3066.5
1116.4 2736.3
1116.4 2507.7

3961.2 1923.5
3859.6 3066.5
1141.8 3066.5
1116.4 2736.3
1116.4 2355.3

3961.2 1923.5
3859.6 3066.5
1141.8 3066.5
1116.4 2736.3
1116.4 2279.1

3961.2 1923.5
3859.6 3066.5
1141.8 3066.5
1116.4 2736.3
1116.4 2126.7

3961.2 1923.5
3859.6 3066.5
1141.8 3066.5
1116.4 2736.3
1116.4 2050.5

3961.2 1923.5
3859.6 3066.5
1141.8 3066.5
1116.4 2736.3
1116.4 1898.1

3961.2 1923.5
3859.6 3066.5
1141.8 3066.5
1116.4 2736.3
1116.4 1796.5

3961.2 1923.5
3859.6 3066.5
1141.8 3066.5
1116.4 2736.3
1116.4 1644.1

3961.2 1923.5
3859.6 3066.5
1141.8 3066.5
1116.4 2736.3
1116.4 1567.9

3961.2 1923.5
3859.6 3066.5
1141.8 3066.5
1116.4 2736.3
1116.4 1415.5

3961.2 1923.5
3859.6 3066.5
1141.8 3066.5
1116.4 2736.3
1116.4 1339.3

3961.2 1923.5
3859.6 3066.5
1141.8 3066.5
1116.4 2736.3
1116.4 1186.9

3961.2 1923.5
3859.6 3066.5
1141.8 3066.5
1116.4 2736.3
1116.4 1110.7

3961.2 1923.5
3859.6 3066.5
1141.8 3066.5
1116.4 2736.3
1116.4 958.3

3961.2 1923.5
3859.6 3066.5
1141.8 3066.5
1091 2736.3

3961.2 1923.5
3859.6 3066.5
1141.8 3066.5
1091 2736.3
1091 2583.9

3961.2 1923.5
3859.6 3066.5
1141.8 3066.5
1091 2736.3
1091 2507.7

3961.2 1923.5
3859.6 3066.5
1141.8 3066.5
1091 2736.3
1091 2355.3

3961.2 1923.5
3859.6 3066.5
1141.8 3066.5
1091 2736.3
1091 2279.1

3961.2 1923.5
3859.6 3066.5
1141.8 3066.5
1091 2736.3
1091 2126.7

3961.2 1923.5
3859.6 3066.5
1141.8 3066.5
1091 2736.3
1091 2050.5

3961.2 1923.5
3859.6 3066.5
1141.8 3066.5
1091 2736.3
1091 1898.1

3961.2 1923.5
3859.6 3066.5
1141.8 3066.5
1091 2736.3
1091 1796.5

3961.2 1923.5
3859.6 3066.5
1141.8 3066.5
1091 2736.3
1091 1644.1

3961.2 1923.5
3859.6 3066.5
1141.8 3066.5
1091 2736.3
1091 1567.9

3961.2 1923.5
3859.6 3066.5
1141.8 3066.5
1091 2736.3
1091 1415.5

3961.2 1923.5
3859.6 3066.5
1141.8 3066.5
1091 2736.3
1091 1339.3

3961.2 1923.5
3859.6 3066.5
1141.8 3066.5
1091 2736.3
1091 1186.9

3961.2 1923.5
3859.6 3066.5
1141.8 3066.5
1091 2736.3
1091 1110.7

3961.2 1923.5
3859.6 3066.5
1141.8 3066.5
1091 2736.3
1091 958.3

3961.2 1923.5
3859.6 3066.5
1141.8 3066.5
1065.6 2736.3

3961.2 1923.5
3859.6 3066.5
1141.8 3066.5
1065.6 2736.3
1065.6 2583.9

3961.2 1923.5
3859.6 3066.5
1141.8 3066.5
1065.6 2736.3
1065.6 2507.7

3961.2 1923.5
3859.6 3066.5
1141.8 3066.5
1065.6 2736.3
1065.6 2355.3

3961.2 1923.5
3859.6 3066.5
1141.8 3066.5
1065.6 2736.3
1065.6 2279.1

3961.2 1923.5
3859.6 3066.5
1141.8 3066.5
1065.6 2736.3
1065.6 2126.7

3961.2 1923.5
3859.6 3066.5
1141.8 3066.5
1065.6 2736.3
1065.6 2050.5

3961.2 1923.5
3859.6 3066.5
1141.8 3066.5
1065.6 2736.3
1065.6 1898.1

3961.2 1923.5
3859.6 3066.5
1141.8 3066.5
1065.6 2736.3
1065.6 1796.5

3961.2 1923.5
3859.6 3066.5
1141.8 3066.5
1065.6 2736.3
1065.6 1644.1

3961.2 1923.5
3859.6 3066.5
1141.8 3066.5
1065.6 2736.3
1065.6 1567.9

3961.2 1923.5
3859.6 3066.5
1141.8 3066.5
1065.6 2736.3
1065.6 1415.5

3961.2 1923.5
3859.6 3066.5
1141.8 3066.5
1065.6 2736.3
1065.6 1339.3

3961.2 1923.5
3859.6 3066.5
1141.8 3066.5
1065.6 2736.3
1065.6 1186.9

3961.2 1923.5
3859.6 3066.5
1141.8 3066.5
1065.6 2736.3
1065.6 1110.7

3961.2 1923.5
3859.6 3066.5
1141.8 3066.5
1065.6 2736.3
1065.6 958.3

3961.2 1923.5
3859.6 3066.5
1040.2 3066.5

3961.2 1923.5
3859.6 3066.5
1040.2 3066.5
1040.2 3041.1

3961.2 1923.5
3859.6 3066.5
1040.2 3066.5
1040.2 3015.7

3961.2 1923.5
3859.6 3066.5
1040.2 3066.5
1040.2 2990.3

3961.2 1923.5
3859.6 3066.5
1040.2 3066.5
1040.2 2964.9

3961.2 1923.5
3859.6 3066.5
1040.2 3066.5
1040.2 2939.5

3961.2 1923.5
3859.6 3066.5
1040.2 3066.5
1040.2 2914.1

3961.2 1923.5
3859.6 3066.5
1040.2 3066.5
1040.2 2888.7

3961.2 1923.5
3859.6 3066.5
1040.2 3066.5
1040.2 2736.3

3961.2 1923.5
3859.6 3066.5
1040.2 3066.5
1040.2 2583.9

3961.2 1923.5
3859.6 3066.5
1040.2 3066.5
1040.2 2507.7

3961.2 1923.5
3859.6 3066.5
1040.2 3066.5
1040.2 2355.3

3961.2 1923.5
3859.6 3066.5
1040.2 3066.5
1040.2 2279.1

3961.2 1923.5
3859.6 3066.5
1040.2 3066.5
1040.2 2126.7

3961.2 1923.5
3859.6 3066.5
1040.2 3066.5
1040.2 2050.5

3961.2 1923.5
3859.6 3066.5
1040.2 3066.5
1040.2 1898.1

3961.2 1923.5
3859.6 3066.5
1040.2 3066.5
1040.2 1796.5

3961.2 1923.5
3859.6 3066.5
1040.2 3066.5
1040.2 1644.1

3961.2 1923.5
3859.6 3066.5
1040.2 3066.5
1040.2 1567.9

3961.2 1923.5
3859.6 3066.5
1040.2 3066.5
1040.2 1415.5

3961.2 1923.5
3859.6 3066.5
1040.2 3066.5
1040.2 1339.3

3961.2 1923.5
3859.6 3066.5
1040.2 3066.5
1040.2 1186.9

3961.2 1923.5
3859.6 3066.5
1040.2 3066.5
1040.2 1110.7

3961.2 1923.5
3859.6 3066.5
1040.2 3066.5
1040.2 958.3

3961.2 1923.5
3859.6 3066.5
1040.2 3066.5
1014.8 2736.3

3961.2 1923.5
3859.6 3066.5
1040.2 3066.5
1014.8 2736.3
1014.8 2583.9

3961.2 1923.5
3859.6 3066.5
1040.2 3066.5
1014.8 2736.3
1014.8 2507.7

3961.2 1923.5
3859.6 3066.5
1040.2 3066.5
1014.8 2736.3
1014.8 2355.3

3961.2 1923.5
3859.6 3066.5
1040.2 3066.5
1014.8 2736.3
1014.8 2279.1

3961.2 1923.5
3859.6 3066.5
1040.2 3066.5
1014.8 2736.3
1014.8 2126.7

3961.2 1923.5
3859.6 3066.5
1040.2 3066.5
1014.8 2736.3
1014.8 2050.5

3961.2 1923.5
3859.6 3066.5
1040.2 3066.5
1014.8 2736.3
1014.8 1898.1

3961.2 1923.5
3859.6 3066.5
1040.2 3066.5
1014.8 2736.3
1014.8 1796.5

3961.2 1923.5
3859.6 3066.5
1040.2 3066.5
1014.8 2736.3
1014.8 1644.1

3961.2 1923.5
3859.6 3066.5
1040.2 3066.5
1014.8 2736.3
1014.8 1567.9

3961.2 1923.5
3859.6 3066.5
1040.2 3066.5
1014.8 2736.3
1014.8 1415.5

3961.2 1923.5
3859.6 3066.5
1040.2 3066.5
1014.8 2736.3
1014.8 1339.3

3961.2 1923.5
3859.6 3066.5
1040.2 3066.5
1014.8 2736.3
1014.8 1186.9

3961.2 1923.5
3859.6 3066.5
1040.2 3066.5
1014.8 2736.3
1014.8 1110.7

3961.2 1923.5
3859.6 3066.5
1040.2 3066.5
1014.8 2736.3
1014.8 958.3

3961.2 1923.5
3859.6 3066.5
1040.2 3066.5
989.4 2736.3

3961.2 1923.5
3859.6 3066.5
1040.2 3066.5
989.4 2736.3
989.4 2583.9

3961.2 1923.5
3859.6 3066.5
1040.2 3066.5
989.4 2736.3
989.4 2507.7

3961.2 1923.5
3859.6 3066.5
1040.2 3066.5
989.4 2736.3
989.4 2355.3

3961.2 1923.5
3859.6 3066.5
1040.2 3066.5
989.4 2736.3
989.4 2279.1

3961.2 1923.5
3859.6 3066.5
1040.2 3066.5
989.4 2736.3
989.4 2126.7

3961.2 1923.5
3859.6 3066.5
1040.2 3066.5
989.4 2736.3
989.4 2050.5

3961.2 1923.5
3859.6 3066.5
1040.2 3066.5
989.4 2736.3
989.4 1898.1

3961.2 1923.5
3859.6 3066.5
1040.2 3066.5
989.4 2736.3
989.4 1796.5

3961.2 1923.5
3859.6 3066.5
1040.2 3066.5
989.4 2736.3
989.4 1644.1

3961.2 1923.5
3859.6 3066.5
1040.2 3066.5
989.4 2736.3
989.4 1567.9

3961.2 1923.5
3859.6 3066.5
1040.2 3066.5
989.4 2736.3
989.4 1415.5

3961.2 1923.5
3859.6 3066.5
1040.2 3066.5
989.4 2736.3
989.4 1339.3

3961.2 1923.5
3859.6 3066.5
1040.2 3066.5
989.4 2736.3
989.4 1186.9

3961.2 1923.5
3859.6 3066.5
1040.2 3066.5
989.4 2736.3
989.4 1110.7

3961.2 1923.5
3859.6 3066.5
1040.2 3066.5
989.4 2736.3
989.4 958.3

3961.2 1923.5
3859.6 3066.5
964 3066.5

3961.2 1923.5
3859.6 3066.5
964 3066.5
964 3041.1

3961.2 1923.5
3859.6 3066.5
964 3066.5
964 3015.7

3961.2 1923.5
3859.6 3066.5
964 3066.5
964 2990.3

3961.2 1923.5
3859.6 3066.5
964 3066.5
964 2964.9

3961.2 1923.5
3859.6 3066.5
964 3066.5
964 2939.5

3961.2 1923.5
3859.6 3066.5
964 3066.5
964 2914.1

3961.2 1923.5
3859.6 3066.5
964 3066.5
964 2888.7

3961.2 1923.5
3859.6 3066.5
964 3066.5
964 2736.3

3961.2 1923.5
3859.6 3066.5
964 3066.5
964 2583.9

3961.2 1923.5
3859.6 3066.5
964 3066.5
964 2507.7

3961.2 1923.5
3859.6 3066.5
964 3066.5
964 2355.3

3961.2 1923.5
3859.6 3066.5
964 3066.5
964 2279.1

3961.2 1923.5
3859.6 3066.5
964 3066.5
964 2126.7

3961.2 1923.5
3859.6 3066.5
964 3066.5
964 2050.5

3961.2 1923.5
3859.6 3066.5
964 3066.5
964 1898.1

3961.2 1923.5
3859.6 3066.5
964 3066.5
964 1796.5

3961.2 1923.5
3859.6 3066.5
964 3066.5
964 1644.1

3961.2 1923.5
3859.6 3066.5
964 3066.5
964 1567.9

3961.2 1923.5
3859.6 3066.5
964 3066.5
964 1415.5

3961.2 1923.5
3859.6 3066.5
964 3066.5
964 1339.3

3961.2 1923.5
3859.6 3066.5
964 3066.5
964 1186.9

3961.2 1923.5
3859.6 3066.5
964 3066.5
964 1110.7

3961.2 1923.5
3859.6 3066.5
964 3066.5
964 958.3

3961.2 1923.5
3859.6 3066.5
964 3066.5
938.6 2736.3

3961.2 1923.5
3859.6 3066.5
964 3066.5
938.6 2736.3
938.6 2583.9

3961.2 1923.5
3859.6 3066.5
964 3066.5
938.6 2736.3
938.6 2507.7

3961.2 1923.5
3859.6 3066.5
964 3066.5
938.6 2736.3
938.6 2355.3

3961.2 1923.5
3859.6 3066.5
964 3066.5
938.6 2736.3
938.6 2279.1

3961.2 1923.5
3859.6 3066.5
964 3066.5
938.6 2736.3
938.6 2126.7

3961.2 1923.5
3859.6 3066.5
964 3066.5
938.6 2736.3
938.6 2050.5

3961.2 1923.5
3859.6 3066.5
964 3066.5
938.6 2736.3
938.6 1898.1

3961.2 1923.5
3859.6 3066.5
964 3066.5
938.6 2736.3
938.6 1796.5

3961.2 1923.5
3859.6 3066.5
964 3066.5
938.6 2736.3
938.6 1644.1

3961.2 1923.5
3859.6 3066.5
964 3066.5
938.6 2736.3
938.6 1567.9

3961.2 1923.5
3859.6 3066.5
964 3066.5
938.6 2736.3
938.6 1415.5

3961.2 1923.5
3859.6 3066.5
964 3066.5
938.6 2736.3
938.6 1339.3

3961.2 1923.5
3859.6 3066.5
964 3066.5
938.6 2736.3
938.6 1186.9

3961.2 1923.5
3859.6 3066.5
964 3066.5
938.6 2736.3
938.6 1110.7

3961.2 1923.5
3859.6 3066.5
964 3066.5
938.6 2736.3
938.6 958.3

3961.2 1923.5
3859.6 3066.5
964 3066.5
913.2 2964.9

3961.2 1923.5
3859.6 3066.5
964 3066.5
913.2 2964.9
913.2 2914.1

3961.2 1923.5
3859.6 3066.5
964 3066.5
913.2 2964.9
913.2 2736.3

3961.2 1923.5
3859.6 3066.5
964 3066.5
913.2 2964.9
913.2 2583.9

3961.2 1923.5
3859.6 3066.5
964 3066.5
913.2 2964.9
913.2 2507.7

3961.2 1923.5
3859.6 3066.5
964 3066.5
913.2 2964.9
913.2 2355.3

3961.2 1923.5
3859.6 3066.5
964 3066.5
913.2 2964.9
913.2 2279.1

3961.2 1923.5
3859.6 3066.5
964 3066.5
913.2 2964.9
913.2 2126.7

3961.2 1923.5
3859.6 3066.5
964 3066.5
913.2 2964.9
913.2 2050.5

3961.2 1923.5
3859.6 3066.5
964 3066.5
913.2 2964.9
913.2 1898.1

3961.2 1923.5
3859.6 3066.5
964 3066.5
913.2 2964.9
913.2 1796.5

3961.2 1923.5
3859.6 3066.5
964 3066.5
913.2 2964.9
913.2 1644.1

3961.2 1923.5
3859.6 3066.5
964 3066.5
913.2 2964.9
913.2 1567.9

3961.2 1923.5
3859.6 3066.5
964 3066.5
913.2 2964.9
913.2 1415.5

3961.2 1923.5
3859.6 3066.5
964 3066.5
913.2 2964.9
913.2 1339.3

3961.2 1923.5
3859.6 3066.5
964 3066.5
913.2 2964.9
913.2 1186.9

3961.2 1923.5
3859.6 3066.5
964 3066.5
913.2 2964.9
913.2 1110.7

3961.2 1923.5
3859.6 3066.5
964 3066.5
913.2 2964.9
913.2 958.3

3961.2 1923.5
3859.6 3066.5
964 3066.5
913.2 2964.9
887.8 2736.3

3961.2 1923.5
3859.6 3066.5
964 3066.5
913.2 2964.9
887.8 2736.3
887.8 2583.9

3961.2 1923.5
3859.6 3066.5
964 3066.5
913.2 2964.9
887.8 2736.3
887.8 2507.7

3961.2 1923.5
3859.6 3066.5
964 3066.5
913.2 2964.9
887.8 2736.3
887.8 2355.3

3961.2 1923.5
3859.6 3066.5
964 3066.5
913.2 2964.9
887.8 2736.3
887.8 2279.1

3961.2 1923.5
3859.6 3066.5
964 3066.5
913.2 2964.9
887.8 2736.3
887.8 2126.7

3961.2 1923.5
3859.6 3066.5
964 3066.5
913.2 2964.9
887.8 2736.3
887.8 2050.5

3961.2 1923.5
3859.6 3066.5
964 3066.5
913.2 2964.9
887.8 2736.3
887.8 1898.1

3961.2 1923.5
3859.6 3066.5
964 3066.5
913.2 2964.9
887.8 2736.3
887.8 1796.5

3961.2 1923.5
3859.6 3066.5
964 3066.5
913.2 2964.9
887.8 2736.3
887.8 1644.1

3961.2 1923.5
3859.6 3066.5
964 3066.5
913.2 2964.9
887.8 2736.3
887.8 1567.9

3961.2 1923.5
3859.6 3066.5
964 3066.5
913.2 2964.9
887.8 2736.3
887.8 1415.5

3961.2 1923.5
3859.6 3066.5
964 3066.5
913.2 2964.9
887.8 2736.3
887.8 1339.3

3961.2 1923.5
3859.6 3066.5
964 3066.5
913.2 2964.9
887.8 2736.3
887.8 1186.9

3961.2 1923.5
3859.6 3066.5
964 3066.5
913.2 2964.9
887.8 2736.3
887.8 1110.7

3961.2 1923.5
3859.6 3066.5
964 3066.5
913.2 2964.9
887.8 2736.3
887.8 958.3

3961.2 1923.5
3859.6 3066.5
964 3066.5
913.2 2964.9
862.4 2736.3

3961.2 1923.5
3859.6 3066.5
964 3066.5
913.2 2964.9
862.4 2736.3
862.4 2583.9

3961.2 1923.5
3859.6 3066.5
964 3066.5
913.2 2964.9
862.4 2736.3
862.4 2507.7

3961.2 1923.5
3859.6 3066.5
964 3066.5
913.2 2964.9
862.4 2736.3
862.4 2355.3

3961.2 1923.5
3859.6 3066.5
964 3066.5
913.2 2964.9
862.4 2736.3
862.4 2279.1

3961.2 1923.5
3859.6 3066.5
964 3066.5
913.2 2964.9
862.4 2736.3
862.4 2126.7

3961.2 1923.5
3859.6 3066.5
964 3066.5
913.2 2964.9
862.4 2736.3
862.4 2050.5

3961.2 1923.5
3859.6 3066.5
964 3066.5
913.2 2964.9
862.4 2736.3
862.4 1898.1

3961.2 1923.5
3859.6 3066.5
964 3066.5
913.2 2964.9
862.4 2736.3
862.4 1796.5

3961.2 1923.5
3859.6 3066.5
964 3066.5
913.2 2964.9
862.4 2736.3
862.4 1644.1

3961.2 1923.5
3859.6 3066.5
964 3066.5
913.2 2964.9
862.4 2736.3
862.4 1567.9

3961.2 1923.5
3859.6 3066.5
964 3066.5
913.2 2964.9
862.4 2736.3
862.4 1415.5

3961.2 1923.5
3859.6 3066.5
964 3066.5
913.2 2964.9
862.4 2736.3
862.4 1339.3

3961.2 1923.5
3859.6 3066.5
964 3066.5
913.2 2964.9
862.4 2736.3
862.4 1186.9

3961.2 1923.5
3859.6 3066.5
964 3066.5
913.2 2964.9
862.4 2736.3
862.4 1110.7

3961.2 1923.5
3859.6 3066.5
964 3066.5
913.2 2964.9
862.4 2736.3
862.4 958.3

3961.2 1923.5
3859.6 3066.5
964 3066.5
913.2 2964.9
837 2736.3

3961.2 1923.5
3859.6 3066.5
964 3066.5
913.2 2964.9
837 2736.3
837 2583.9

3961.2 1923.5
3859.6 3066.5
964 3066.5
913.2 2964.9
837 2736.3
837 2507.7

3961.2 1923.5
3859.6 3066.5
964 3066.5
913.2 2964.9
837 2736.3
837 2355.3

3961.2 1923.5
3859.6 3066.5
964 3066.5
913.2 2964.9
837 2736.3
837 2279.1

3961.2 1923.5
3859.6 3066.5
964 3066.5
913.2 2964.9
837 2736.3
837 2126.7

3961.2 1923.5
3859.6 3066.5
964 3066.5
913.2 2964.9
837 2736.3
837 2050.5

3961.2 1923.5
3859.6 3066.5
964 3066.5
913.2 2964.9
837 2736.3
837 1898.1

3961.2 1923.5
3859.6 3066.5
964 3066.5
913.2 2964.9
837 2736.3
837 1796.5

3961.2 1923.5
3859.6 3066.5
964 3066.5
913.2 2964.9
837 2736.3
837 1644.1

3961.2 1923.5
3859.6 3066.5
964 3066.5
913.2 2964.9
837 2736.3
837 1567.9

3961.2 1923.5
3859.6 3066.5
964 3066.5
913.2 2964.9
837 2736.3
837 1415.5

3961.2 1923.5
3859.6 3066.5
964 3066.5
913.2 2964.9
837 2736.3
837 1339.3

3961.2 1923.5
3859.6 3066.5
964 3066.5
913.2 2964.9
837 2736.3
837 1186.9

3961.2 1923.5
3859.6 3066.5
964 3066.5
913.2 2964.9
837 2736.3
837 1110.7

3961.2 1923.5
3859.6 3066.5
964 3066.5
913.2 2964.9
837 2736.3
837 958.3

3961.2 1923.5
3859.6 3066.5
964 3066.5
913.2 2964.9
837 2736.3
0 0

